Date,Open,High,Low,Close,Volume,Adj Close
2016-10-03,47.59,48.02,47.41,47.43,1246200,47.43
2016-09-30,47.470001,47.919998,47.389999,47.779999,2225000,47.779999
2016-09-29,47.779999,48.060001,47.220001,47.23,1466200,47.23
2016-09-28,47.619999,48.049999,47.43,47.98,1731100,47.98
2016-09-27,47.029999,47.580002,46.939999,47.57,1166000,47.57
2016-09-26,46.84,47.220001,46.84,47.049999,1512600,47.049999
2016-09-23,47.880001,48.029999,47.360001,47.369999,1004200,47.369999
2016-09-22,47.709999,48.200001,47.68,48.110001,1905300,48.110001
2016-09-21,47.00,47.360001,46.889999,47.330002,1517300,47.330002
2016-09-20,47.41,47.549999,46.630001,46.779999,1980800,46.779999
2016-09-19,46.919998,47.200001,46.77,47.09,1454200,47.09
2016-09-16,47.34,47.34,46.740002,46.77,1665700,46.77
2016-09-15,47.400002,47.779999,47.400002,47.599998,2539200,47.599998
2016-09-14,47.830002,47.860001,47.360001,47.509998,1017100,47.509998
2016-09-13,48.07,48.32,47.740002,47.91,1080200,47.820001
2016-09-12,47.43,48.59,47.27,48.50,1216200,48.408893
2016-09-09,48.080002,48.380001,47.759998,47.779999,1901600,47.690244
2016-09-08,48.720001,48.720001,48.330002,48.470001,978100,48.37895
2016-09-07,48.91,49.009998,48.639999,48.740002,674000,48.648444
2016-09-06,49.189999,49.41,48.790001,48.919998,766900,48.828102
2016-09-02,48.990002,49.220001,48.91,49.150002,680400,49.057673
2016-09-01,48.790001,48.91,48.259998,48.779999,1539300,48.688366
2016-08-31,49.459999,49.490002,48.650002,48.75,1457900,48.658423
2016-08-30,49.82,49.990002,49.32,49.610001,846900,49.516808
2016-08-29,49.66,49.91,49.490002,49.82,899600,49.726413
2016-08-26,49.849998,50.27,49.52,49.66,1045600,49.566714
2016-08-25,49.59,49.990002,49.41,49.790001,1302100,49.69647
2016-08-24,49.310001,49.75,49.310001,49.619999,1382100,49.526788
2016-08-23,49.450001,49.73,49.18,49.279999,1528300,49.187426
2016-08-22,49.060001,49.450001,48.880001,49.209999,1232600,49.117558
2016-08-19,48.619999,49.41,48.580002,49.279999,1835000,49.187426
2016-08-18,48.279999,48.93,48.279999,48.93,1327100,48.838085
2016-08-17,48.41,48.509998,48.130001,48.380001,1383400,48.289119
2016-08-16,48.259998,48.580002,48.189999,48.380001,1260300,48.289119
2016-08-15,47.810001,48.34,47.779999,48.310001,1464600,48.219251
2016-08-12,47.52,47.639999,47.200001,47.599998,1268500,47.510582
2016-08-11,47.459999,47.77,47.389999,47.490002,1459900,47.400792
2016-08-10,47.43,47.59,47.18,47.290001,2047700,47.201167
2016-08-09,47.110001,47.740002,47.029999,47.369999,2268000,47.281014
2016-08-08,46.34,47.310001,46.150002,47.080002,4760000,46.991562
2016-08-05,46.110001,46.450001,45.869999,46.189999,4202700,46.103231
2016-08-04,43.50,46.720001,43.299999,45.91,4362300,45.823758
2016-08-03,46.330002,46.860001,46.099998,46.849998,1549200,46.761991
2016-08-02,47.110001,47.110001,46.34,46.450001,880800,46.362744
2016-08-01,46.950001,47.16,46.68,47.080002,788400,46.991562
2016-07-29,47.360001,47.360001,46.82,47.029999,1280800,46.941653
2016-07-28,47.189999,47.470001,46.849998,47.389999,900800,47.300977
2016-07-27,47.43,47.57,47.110001,47.209999,632700,47.121315
2016-07-26,46.880001,47.43,46.880001,47.41,760100,47.32094
2016-07-25,47.200001,47.32,46.709999,46.860001,1562300,46.771974
2016-07-22,47.310001,47.369999,47.049999,47.34,1244000,47.251072
2016-07-21,47.740002,47.959999,47.189999,47.360001,1587700,47.271035
2016-07-20,48.150002,48.23,47.779999,47.790001,1204100,47.700227
2016-07-19,47.470001,48.009998,47.349998,48.00,1848200,47.909832
2016-07-18,47.57,47.73,47.41,47.52,1053200,47.430734
2016-07-15,47.299999,47.66,47.299999,47.619999,1490500,47.530545
2016-07-14,46.889999,47.389999,46.669998,47.110001,1743100,47.021504
2016-07-13,46.759998,46.919998,46.400002,46.450001,967700,46.362744
2016-07-12,46.619999,46.869999,46.220001,46.700001,1158700,46.612275
2016-07-11,46.119999,46.310001,45.889999,46.240002,1298200,46.15314
2016-07-08,45.860001,46.00,45.669998,45.84,1439700,45.75389
2016-07-07,45.169998,45.52,44.970001,45.360001,1698900,45.274792
2016-07-06,45.060001,45.099998,44.490002,44.939999,2228800,44.855579
2016-07-05,46.25,46.360001,45.00,45.169998,1731100,45.085146
2016-07-01,46.259998,46.650002,46.209999,46.400002,1123900,46.312839
2016-06-30,45.540001,46.23,45.540001,46.23,2628700,46.143156
2016-06-29,45.220001,45.799999,45.060001,45.48,2395700,45.394565
2016-06-28,44.400002,44.759998,44.25,44.709999,1605300,44.626011
2016-06-27,44.220001,44.240002,43.279999,43.880001,2393700,43.797572
2016-06-24,45.57,46.02,44.700001,44.700001,4968600,44.616032
2016-06-23,46.950001,47.470001,46.91,47.470001,1062200,47.380829
2016-06-22,46.50,46.709999,46.240002,46.419998,943900,46.332798
2016-06-21,46.970001,47.060001,46.360001,46.400002,1336600,46.312839
2016-06-20,47.18,47.509998,46.790001,46.84,1281200,46.752011
2016-06-17,46.720001,46.830002,46.360001,46.529999,1466000,46.442592
2016-06-16,46.279999,46.77,45.73,46.669998,967700,46.582329
2016-06-15,47.00,47.18,46.57,46.599998,1025200,46.51246
2016-06-14,46.98,47.189999,46.580002,46.82,1113700,46.732048
2016-06-13,48.09,48.27,47.209999,47.259998,1584800,47.081389
2016-06-10,48.310001,48.619999,48.119999,48.32,1078900,48.137384
2016-06-09,48.849998,48.849998,48.43,48.790001,847800,48.605609
2016-06-08,48.860001,49.360001,48.849998,49.23,941500,49.043945
2016-06-07,48.360001,48.93,48.360001,48.75,1051600,48.56576
2016-06-06,47.610001,48.279999,47.509998,48.23,974400,48.047724
2016-06-03,47.59,47.84,47.220001,47.48,1104100,47.300559
2016-06-02,47.799999,47.91,47.59,47.84,989800,47.659199
2016-06-01,47.68,48.07,47.259998,47.900002,1365400,47.718973
2016-05-31,47.91,48.18,47.560001,47.82,1351700,47.639274
2016-05-27,47.91,47.970001,47.599998,47.830002,645300,47.649238
2016-05-26,47.860001,48.139999,47.68,47.799999,726100,47.619349
2016-05-25,47.990002,48.139999,47.720001,47.93,1111700,47.748859
2016-05-24,47.77,48.00,47.599998,47.73,2711800,47.549614
2016-05-23,47.529999,47.799999,47.18,47.529999,1007400,47.350369
2016-05-20,47.369999,47.709999,47.119999,47.529999,1120900,47.350369
2016-05-19,47.150002,47.279999,46.619999,47.029999,1624900,46.852259
2016-05-18,47.040001,47.689999,46.75,47.509998,1936100,47.330444
2016-05-17,46.830002,47.439999,46.689999,47.080002,1955800,46.902073
2016-05-16,46.240002,47.119999,46.189999,46.970001,1900000,46.792488
2016-05-13,46.790001,47.07,46.029999,46.32,1490000,46.144943
2016-05-12,47.009998,47.310001,46.549999,46.990002,1191400,46.812413
2016-05-11,46.950001,47.25,46.75,46.91,2414000,46.732713
2016-05-10,46.459999,47.130001,46.25,47.02,1702000,46.842298
2016-05-09,46.740002,46.799999,46.049999,46.310001,1370900,46.134982
2016-05-06,46.57,46.82,46.00,46.740002,1232900,46.563358
2016-05-05,46.970001,47.330002,46.59,46.639999,1380300,46.463733
2016-05-04,47.389999,47.529999,46.790001,46.959999,1941300,46.782524
2016-05-03,48.189999,48.380001,47.560001,47.73,1458400,47.549614
2016-05-02,48.110001,48.720001,48.110001,48.459999,1504000,48.276855
2016-04-29,47.84,48.77,47.720001,48.09,3258200,47.908254
2016-04-28,48.700001,48.98,47.209999,48.099998,8458800,47.918215
2016-04-27,51.599998,52.610001,51.57,52.34,1668400,52.142192
2016-04-26,51.169998,51.650002,50.889999,51.599998,1238000,51.404987
2016-04-25,50.990002,51.16,50.740002,51.040001,951700,50.847106
2016-04-22,50.849998,51.23,50.75,51.139999,1014700,50.946726
2016-04-21,50.849998,51.040001,50.700001,50.959999,970000,50.767406
2016-04-20,50.720001,51.189999,50.619999,50.950001,1261000,50.757446
2016-04-19,50.709999,51.110001,50.52,50.990002,1367300,50.797296
2016-04-18,50.25,50.580002,50.189999,50.48,807600,50.289221
2016-04-15,50.689999,50.82,50.450001,50.529999,918700,50.339031
2016-04-14,51.00,51.080002,50.599998,50.68,1125400,50.488466
2016-04-13,50.389999,50.919998,50.09,50.880001,1121100,50.687711
2016-04-12,49.490002,50.18,49.299999,50.02,878400,49.83096
2016-04-11,49.68,49.950001,49.189999,49.490002,1225600,49.302965
2016-04-08,49.470001,49.73,49.27,49.529999,1124300,49.34281
2016-04-07,48.560001,49.290001,48.509998,49.029999,1606300,48.8447
2016-04-06,48.849998,48.98,48.380001,48.950001,760100,48.765004
2016-04-05,49.00,49.32,48.709999,48.84,785700,48.65542
2016-04-04,50.169998,50.169998,49.18,49.32,1294900,49.133605
2016-04-01,49.82,50.16,49.200001,50.110001,838200,49.92062
2016-03-31,50.16,50.290001,49.599998,49.98,1240400,49.791111
2016-03-30,50.139999,50.650002,50.060001,50.32,1870700,50.129826
2016-03-29,49.040001,49.77,48.700001,49.73,1189700,49.542055
2016-03-28,49.040001,49.34,48.810001,49.259998,904800,49.07383
2016-03-24,49.09,49.119999,48.689999,49.07,858800,48.88455
2016-03-23,49.77,49.869999,49.200001,49.349998,714300,49.16349
2016-03-22,49.93,50.040001,49.549999,49.77,918100,49.581905
2016-03-21,50.150002,50.290001,49.57,49.900002,799400,49.711415
2016-03-18,49.880001,50.279999,49.740002,50.16,2341600,49.970431
2016-03-17,48.84,50.080002,48.82,49.91,2123900,49.721375
2016-03-16,48.209999,48.98,48.060001,48.779999,1630500,48.595645
2016-03-15,48.060001,48.52,47.790001,48.50,1488400,48.316704
2016-03-14,48.009998,48.689999,46.810001,48.52,1892200,48.246968
2016-03-11,47.889999,48.110001,47.540001,48.07,1345700,47.799499
2016-03-10,47.66,47.790001,46.82,47.400002,1456500,47.133272
2016-03-09,47.849998,47.990002,47.540001,47.650002,933300,47.381865
2016-03-08,47.810001,48.130001,47.599998,47.73,1577300,47.461413
2016-03-07,47.939999,48.34,47.900002,48.16,834700,47.888993
2016-03-04,48.150002,48.560001,47.900002,48.130001,1004800,47.859163
2016-03-03,47.98,48.25,47.50,48.220001,927200,47.948657
2016-03-02,47.84,47.970001,47.490002,47.860001,1155000,47.590682
2016-03-01,46.689999,48.080002,46.549999,47.91,1713000,47.6404
2016-02-29,46.860001,47.060001,46.400002,46.41,1362900,46.148841
2016-02-26,46.610001,47.00,46.169998,46.669998,1070500,46.407376
2016-02-25,45.59,46.41,45.23,46.389999,1177900,46.128953
2016-02-24,44.939999,45.509998,44.639999,45.380001,2032100,45.124638
2016-02-23,46.09,46.25,45.240002,45.540001,2424700,45.283738
2016-02-22,46.41,46.919998,46.049999,46.130001,1358900,45.870418
2016-02-19,45.810001,46.169998,45.34,46.130001,1588900,45.870418
2016-02-18,46.02,46.060001,45.549999,45.860001,1300800,45.601937
2016-02-17,46.16,46.34,45.860001,46.009998,1908500,45.75109
2016-02-16,46.32,46.330002,45.25,45.98,2381000,45.72126
2016-02-12,45.709999,46.18,45.389999,45.630001,1722300,45.373231
2016-02-11,44.639999,45.450001,44.279999,45.029999,1994000,44.776605
2016-02-10,45.610001,46.169998,45.23,45.619999,2293800,45.363285
2016-02-09,44.369999,46.09,44.040001,45.75,1952300,45.492555
2016-02-08,44.330002,44.93,44.040001,44.75,2958400,44.498182
2016-02-05,43.939999,45.950001,42.82,45.330002,3453900,45.07492
2016-02-04,45.849998,47.16,44.919998,46.639999,1878800,46.377546
2016-02-03,45.98,46.209999,44.689999,45.849998,2261100,45.591991
2016-02-02,46.09,46.189999,45.360001,45.52,2498100,45.26385
2016-02-01,46.580002,46.91,45.970001,46.68,3142400,46.417322
2016-01-29,46.490002,47.130001,46.150002,47.049999,2863700,46.785239
2016-01-28,46.77,46.880001,45.919998,46.18,1607700,45.920136
2016-01-27,46.529999,47.139999,46.040001,46.310001,1589700,46.049405
2016-01-26,46.240002,46.720001,46.080002,46.619999,1815200,46.357658
2016-01-25,46.790001,46.93,45.900002,45.900002,1290900,45.641712
2016-01-22,47.25,47.540001,46.57,46.91,1381100,46.646027
2016-01-21,46.52,46.970001,45.810001,46.330002,1869200,46.069293
2016-01-20,46.41,47.009998,45.09,46.560001,1910800,46.297998
2016-01-19,48.459999,48.470001,46.970001,47.419998,1202700,47.153156
2016-01-15,46.939999,48.16,46.93,47.889999,1822900,47.620512
2016-01-14,47.48,48.43,46.77,47.990002,1510600,47.719952
2016-01-13,48.77,48.93,47.34,47.389999,1325200,47.123326
2016-01-12,48.720001,48.77,47.880001,48.470001,1711900,48.19725
2016-01-11,49.150002,49.52,47.799999,48.200001,2482900,47.928769
2016-01-08,50.290001,50.599998,48.98,49.07,1708500,48.793872
2016-01-07,50.389999,50.439999,49.380001,49.98,2498700,49.698751
2016-01-06,51.580002,51.91,50.98,51.189999,1973700,50.901942
2016-01-05,52.650002,52.869999,52.049999,52.380001,1277100,52.085248
2016-01-04,52.860001,52.93,52.279999,52.650002,1942300,52.353729
2015-12-31,53.91,54.25,53.580002,53.59,708700,53.288438
2015-12-30,54.470001,54.630001,54.139999,54.18,600100,53.875118
2015-12-29,54.419998,54.700001,54.009998,54.549999,528800,54.243035
2015-12-28,54.169998,54.259998,53.650002,53.939999,707300,53.636467
2015-12-24,53.959999,54.470001,53.959999,54.290001,386900,53.984499
2015-12-23,53.779999,54.509998,53.59,54.169998,1461500,53.865172
2015-12-22,53.349998,53.560001,53.040001,53.419998,2324000,53.119392
2015-12-21,53.349998,53.560001,52.810001,53.080002,1264800,52.781309
2015-12-18,53.290001,53.599998,52.919998,52.950001,3289900,52.65204
2015-12-17,54.380001,54.580002,53.419998,53.549999,1931100,53.248662
2015-12-16,53.830002,54.549999,53.389999,54.349998,2042600,54.044159
2015-12-15,53.889999,53.959999,53.25,53.330002,2063500,53.029902
2015-12-14,52.990002,53.450001,52.91,53.419998,2154600,53.119392
2015-12-11,53.509998,53.599998,52.849998,52.91,1681300,52.612264
2015-12-10,53.93,54.43,53.849998,54.080002,2388900,53.775682
2015-12-09,53.470001,54.84,53.470001,54.00,1828400,53.69613
2015-12-08,54.619999,54.740002,53.810001,53.830002,1255800,53.527089
2015-12-07,54.970001,55.220001,54.68,55.110001,1008200,54.799885
2015-12-04,54.779999,55.52,54.599998,55.310001,1754400,54.99876
2015-12-03,55.82,56.00,54.27,54.709999,1371100,54.402134
2015-12-02,56.490002,56.57,55.740002,55.799999,1323700,55.486001
2015-12-01,56.619999,56.93,56.34,56.669998,1195200,56.261613
2015-11-30,56.779999,57.00,56.389999,56.459999,1555800,56.053127
2015-11-27,56.50,56.970001,56.439999,56.860001,426700,56.450246
2015-11-25,56.50,56.68,56.290001,56.459999,1221700,56.053127
2015-11-24,56.110001,56.619999,55.779999,56.459999,1177000,56.053127
2015-11-23,56.150002,56.450001,56.02,56.310001,701300,55.90421
2015-11-20,56.049999,56.549999,55.889999,56.220001,924200,55.814859
2015-11-19,55.950001,56.07,55.639999,55.790001,1066900,55.387957
2015-11-18,54.529999,55.990002,54.330002,55.93,1107800,55.526947
2015-11-17,54.93,55.139999,54.09,54.240002,1121800,53.849128
2015-11-16,53.75,54.91,53.560001,54.900002,957400,54.504371
2015-11-13,53.869999,54.380001,53.73,53.759998,874600,53.372583
2015-11-12,55.290001,55.549999,54.029999,54.09,1293600,53.700207
2015-11-11,56.279999,56.459999,55.73,55.77,967100,55.368101
2015-11-10,55.740002,56.09,55.189999,55.970001,693400,55.56666
2015-11-09,56.029999,56.189999,55.43,56.02,849400,55.616299
2015-11-06,56.240002,56.580002,55.77,56.209999,741400,55.804928
2015-11-05,56.139999,56.82,56.119999,56.48,967200,56.072983
2015-11-04,55.830002,56.509998,55.720001,56.18,1489300,55.775146
2015-11-03,55.330002,55.970001,55.169998,55.720001,1347600,55.318462
2015-11-02,54.869999,55.700001,54.740002,55.439999,1067800,55.040477
2015-10-30,54.880001,55.369999,54.650002,54.82,2182600,54.424946
2015-10-29,54.549999,55.43,54.549999,54.68,2265200,54.285955
2015-10-28,53.709999,54.259998,53.360001,54.220001,1836600,53.829271
2015-10-27,53.720001,54.450001,52.310001,53.759998,4105800,53.372583
2015-10-26,55.950001,56.529999,55.860001,56.299999,2808300,55.89428
2015-10-23,56.099998,56.150002,55.330002,55.860001,1374700,55.457452
2015-10-22,54.869999,56.130001,54.830002,55.630001,1405600,55.22911
2015-10-21,54.82,55.540001,54.540001,54.619999,980900,54.226386
2015-10-20,54.099998,55.029999,53.93,54.599998,1470600,54.20653
2015-10-19,53.959999,54.34,53.700001,54.279999,793400,53.888836
2015-10-16,54.50,54.50,53.540001,54.099998,1132600,53.710133
2015-10-15,54.349998,54.599998,53.610001,54.529999,939000,54.137035
2015-10-14,54.799999,54.91,54.00,54.110001,1453200,53.720063
2015-10-13,55.27,55.529999,54.720001,54.93,1703600,54.534154
2015-10-12,55.939999,56.130001,55.66,55.779999,1015200,55.378027
2015-10-09,55.93,56.380001,55.810001,56.02,1050600,55.616299
2015-10-08,54.93,55.959999,54.75,55.91,1093200,55.507091
2015-10-07,54.82,55.650002,54.490002,55.150002,1003200,54.75257
2015-10-06,54.639999,55.110001,54.240002,54.459999,944000,54.06754
2015-10-05,53.91,54.779999,52.990002,54.73,1165800,54.335594
2015-10-02,50.970001,53.290001,50.970001,53.279999,1070300,52.896043
2015-10-01,52.43,52.669998,51.110001,51.860001,1704300,51.486278
2015-09-30,51.720001,52.389999,51.630001,52.32,2361600,51.942962
2015-09-29,51.049999,51.490002,50.709999,51.130001,937000,50.761539
2015-09-28,51.540001,51.66,50.68,50.830002,1780700,50.463702
2015-09-25,52.07,52.259998,51.700001,52.02,1279600,51.645125
2015-09-24,51.049999,51.599998,50.639999,51.52,2203800,51.148728
2015-09-23,51.639999,51.810001,51.32,51.560001,1238700,51.18844
2015-09-22,51.369999,51.700001,50.91,51.529999,1503600,51.158654
2015-09-21,52.310001,52.560001,51.919998,52.169998,886100,51.794041
2015-09-18,52.689999,52.869999,52.029999,52.16,1476100,51.784115
2015-09-17,53.84,54.509998,53.419998,53.50,925000,53.114459
2015-09-16,53.349998,53.869999,53.240002,53.77,899400,53.382513
2015-09-15,52.889999,53.509998,52.669998,53.389999,687400,53.005251
2015-09-14,53.080002,53.450001,52.360001,52.68,763600,52.300368
2015-09-11,52.779999,53.220001,52.400002,53.220001,695600,52.747124
2015-09-10,53.009998,53.259998,52.560001,52.93,677700,52.4597
2015-09-09,54.16,54.34,52.869999,52.990002,747100,52.519168
2015-09-08,52.950001,53.66,52.66,53.619999,1195500,53.143568
2015-09-04,52.029999,52.369999,51.810001,51.93,1065800,51.468585
2015-09-03,52.790001,53.330002,52.580002,52.779999,1190000,52.311031
2015-09-02,52.450001,52.759998,51.77,52.73,2055600,52.261476
2015-09-01,52.650002,52.889999,51.52,51.84,1706300,51.379385
2015-08-31,54.470001,54.470001,53.650002,53.82,1912200,53.341792
2015-08-28,54.43,55.099998,54.18,54.77,1816400,54.283351
2015-08-27,53.799999,54.740002,53.450001,54.740002,1554600,54.253619
2015-08-26,52.700001,53.400002,51.869999,53.209999,2576500,52.737211
2015-08-25,53.93,54.060001,51.48,51.490002,1768900,51.032496
2015-08-24,50.810001,53.209999,50.549999,52.580002,3697200,52.112811
2015-08-21,54.639999,55.00,53.830002,53.84,1748100,53.361614
2015-08-20,56.150002,56.290001,55.060001,55.060001,989700,54.570775
2015-08-19,57.040001,57.139999,56.240002,56.540001,1038500,56.037625
2015-08-18,57.450001,57.669998,57.330002,57.50,1329300,56.989094
2015-08-17,56.459999,57.529999,56.040001,57.50,1348400,56.989094
2015-08-14,55.970001,56.740002,55.869999,56.66,1055600,56.156557
2015-08-13,55.34,56.34,55.259998,56.049999,979100,55.551977
2015-08-12,54.580002,55.630001,54.57,55.490002,1221400,54.996955
2015-08-11,55.27,55.82,55.240002,55.630001,1228100,55.13571
2015-08-10,55.330002,56.23,55.32,56.080002,1577100,55.581713
2015-08-07,54.830002,55.169998,54.68,54.939999,1308800,54.451839
2015-08-06,54.130001,55.209999,54.130001,55.040001,2242900,54.550953
2015-08-05,53.91,55.02,53.91,54.23,1091400,53.748148
2015-08-04,53.110001,54.720001,52.939999,53.709999,2143900,53.232768
2015-08-03,53.169998,53.34,52.66,53.290001,1757700,52.816502
2015-07-31,53.529999,53.529999,52.939999,53.049999,1638300,52.578633
2015-07-30,53.189999,53.450001,53.00,53.360001,1220200,52.88588
2015-07-29,52.700001,53.470001,52.360001,53.34,1941900,52.866057
2015-07-28,52.25,52.650002,51.849998,52.450001,2095600,51.983966
2015-07-27,53.310001,53.400002,51.939999,52.009998,2404500,51.547873
2015-07-24,55.040001,55.189999,53.810001,53.950001,1189600,53.470638
2015-07-23,55.130001,55.799999,55.099998,55.150002,1266600,54.659976
2015-07-22,54.669998,55.139999,54.50,55.009998,1149100,54.521217
2015-07-21,55.029999,55.189999,54.619999,54.689999,981000,54.20406
2015-07-20,54.84,55.259998,54.73,55.099998,532200,54.610417
2015-07-17,55.25,55.299999,54.720001,54.860001,549200,54.372552
2015-07-16,55.369999,55.630001,54.98,55.290001,650400,54.798731
2015-07-15,55.68,55.82,54.970001,55.040001,885600,54.550953
2015-07-14,55.880001,55.919998,55.529999,55.779999,883900,55.284375
2015-07-13,55.68,56.049999,55.240002,55.93,1577300,55.433044
2015-07-10,55.060001,55.220001,54.720001,55.099998,1264200,54.610417
2015-07-09,54.650002,55.080002,54.130001,54.310001,1539400,53.827439
2015-07-08,54.439999,54.619999,53.450001,53.779999,1450000,53.302146
2015-07-07,54.470001,55.00,53.98,54.830002,1893500,54.342819
2015-07-06,54.990002,55.209999,54.27,54.470001,1178700,53.986018
2015-07-02,55.84,56.00,55.200001,55.549999,1562200,55.056419
2015-07-01,55.130001,55.599998,54.869999,55.50,2020000,55.006865
2015-06-30,54.77,54.959999,54.279999,54.779999,1605300,54.293261
2015-06-29,54.259998,54.700001,54.00,54.040001,1843500,53.559838
2015-06-26,54.02,55.139999,53.799999,55.110001,2133400,54.62033
2015-06-25,54.080002,54.150002,53.66,53.799999,878300,53.321969
2015-06-24,54.549999,54.619999,53.93,54.07,864000,53.58957
2015-06-23,54.900002,54.900002,54.43,54.689999,684300,54.20406
2015-06-22,54.959999,55.02,54.580002,54.75,643600,54.263529
2015-06-19,54.98,55.040001,54.549999,54.57,1064900,54.085128
2015-06-18,54.66,55.279999,54.48,55.099998,905900,54.610417
2015-06-17,54.400002,54.599998,53.990002,54.41,618300,53.926549
2015-06-16,53.990002,54.349998,53.709999,54.299999,627800,53.817526
2015-06-15,54.16,54.220001,53.880001,54.080002,757800,53.599483
2015-06-12,54.59,55.290001,54.419998,54.759998,1075100,54.273438
2015-06-11,54.59,54.98,54.369999,54.82,1097300,54.243706
2015-06-10,54.00,54.610001,53.82,54.52,532000,53.946861
2015-06-09,54.009998,54.209999,53.73,53.740002,572000,53.175061
2015-06-08,53.810001,54.130001,53.650002,53.990002,1247900,53.422433
2015-06-05,53.369999,53.939999,53.23,53.880001,1077000,53.313589
2015-06-04,53.790001,53.810001,52.990002,53.299999,1164300,52.739685
2015-06-03,54.029999,54.360001,53.889999,54.119999,738100,53.551064
2015-06-02,53.490002,54.34,53.220001,54.040001,745600,53.471907
2015-06-01,53.990002,53.990002,53.349998,53.700001,683100,53.135481
2015-05-29,54.119999,54.209999,53.380001,53.759998,1621500,53.194848
2015-05-28,54.259998,54.34,53.91,54.169998,617800,53.600538
2015-05-27,53.830002,54.459999,53.830002,54.369999,750800,53.798436
2015-05-26,54.50,54.50,53.709999,53.900002,738000,53.333379
2015-05-22,54.900002,55.060001,54.650002,54.75,704700,54.174442
2015-05-21,54.919998,55.209999,54.799999,54.950001,640900,54.37234
2015-05-20,54.950001,55.049999,54.68,54.939999,744100,54.362443
2015-05-19,55.349998,55.48,54.720001,54.959999,670200,54.382234
2015-05-18,55.099998,55.560001,55.060001,55.380001,1469800,54.79782
2015-05-15,55.369999,55.459999,54.959999,55.380001,1409500,54.79782
2015-05-14,54.669998,55.349998,54.43,55.220001,1064200,54.639503
2015-05-13,53.610001,54.810001,53.599998,54.34,1997700,53.768752
2015-05-12,52.709999,53.470001,52.57,53.290001,1227800,52.729791
2015-05-11,52.84,53.029999,52.669998,52.869999,709400,52.314205
2015-05-08,52.889999,53.049999,52.619999,52.91,762800,52.353785
2015-05-07,52.169998,52.599998,52.00,52.290001,775000,51.740304
2015-05-06,53.029999,53.130001,51.970001,52.27,1255400,51.720514
2015-05-05,53.049999,53.700001,52.75,52.880001,1564700,52.324102
2015-05-04,52.810001,53.57,52.810001,53.279999,1345900,52.719894
2015-05-01,52.599998,52.84,52.299999,52.73,1080600,52.175677
2015-04-30,52.189999,52.669998,52.130001,52.419998,2227800,51.868934
2015-04-29,51.830002,52.68,51.23,52.400002,1867200,51.849148
2015-04-28,52.099998,52.32,51.950001,52.310001,1119800,51.760094
2015-04-27,52.439999,52.66,52.16,52.25,930300,51.700723
2015-04-24,52.709999,52.720001,51.950001,52.330002,473700,51.779884
2015-04-23,52.25,52.77,52.16,52.689999,708600,52.136097
2015-04-22,52.09,52.43,51.580002,52.349998,830100,51.799671
2015-04-21,52.209999,52.34,51.650002,52.07,936000,51.522615
2015-04-20,51.970001,52.400002,51.959999,52.060001,804900,51.512722
2015-04-17,52.43,52.43,51.549999,51.709999,940700,51.166399
2015-04-16,53.049999,53.07,52.560001,52.810001,850900,52.254838
2015-04-15,53.18,53.50,53.07,53.310001,1300600,52.749582
2015-04-14,52.810001,53.139999,52.650002,52.990002,957100,52.432946
2015-04-13,53.43,53.630001,52.82,52.889999,645500,52.333995
2015-04-10,53.610001,53.610001,53.209999,53.52,1043600,52.957373
2015-04-09,53.110001,53.52,52.970001,53.400002,639800,52.838636
2015-04-08,53.02,53.220001,52.740002,53.200001,844500,52.640737
2015-04-07,52.91,53.200001,52.82,53.040001,1033700,52.482419
2015-04-06,52.209999,53.119999,52.07,52.919998,1008000,52.363678
2015-04-02,52.43,52.830002,52.169998,52.400002,648700,51.849148
2015-04-01,52.189999,52.549999,52.040001,52.279999,1606200,51.730407
2015-03-31,52.720001,52.790001,52.41,52.540001,1136800,51.987676
2015-03-30,52.040001,53.040001,52.009998,52.970001,1337200,52.413156
2015-03-27,51.73,51.959999,51.490002,51.810001,1331100,51.26535
2015-03-26,51.75,52.00,51.549999,51.849998,1938700,51.304927
2015-03-25,53.369999,53.459999,51.98,52.00,1568100,51.453351
2015-03-24,53.57,53.790001,53.209999,53.209999,680900,52.650631
2015-03-23,54.00,54.00,53.369999,53.66,878300,53.095901
2015-03-20,53.25,53.849998,53.209999,53.799999,1855900,53.234428
2015-03-19,53.34,53.419998,52.73,53.099998,773200,52.541786
2015-03-18,52.669998,53.939999,52.330002,53.720001,1019300,53.155271
2015-03-17,52.610001,52.84,52.209999,52.799999,838400,52.244941
2015-03-16,52.00,53.00,51.950001,52.950001,1311700,52.393365
2015-03-13,51.91,51.990002,51.50,51.91,978800,51.364297
2015-03-12,51.639999,52.18,51.610001,52.16,590700,51.522616
2015-03-11,51.439999,51.57,51.16,51.459999,740600,50.831169
2015-03-10,51.549999,51.700001,51.23,51.439999,1124500,50.811413
2015-03-09,52.07,52.330002,51.880001,52.209999,789000,51.572004
2015-03-06,52.439999,52.709999,51.889999,52.02,723700,51.384327
2015-03-05,52.990002,53.110001,52.59,52.919998,1279000,52.273327
2015-03-04,53.279999,53.290001,52.73,52.860001,761100,52.214063
2015-03-03,53.43,53.740002,53.34,53.540001,1182900,52.885754
2015-03-02,53.139999,53.810001,52.91,53.75,1098500,53.093186
2015-02-27,53.240002,53.490002,53.07,53.139999,1990200,52.49064
2015-02-26,52.880001,53.310001,52.68,53.27,1801900,52.619052
2015-02-25,52.669998,52.98,52.619999,52.950001,1289000,52.302963
2015-02-24,52.299999,52.720001,52.220001,52.599998,988800,51.957238
2015-02-23,51.59,52.419998,51.50,52.41,1304800,51.769561
2015-02-20,51.18,51.630001,50.669998,51.619999,940600,50.989214
2015-02-19,51.18,51.68,51.18,51.259998,716600,50.633612
2015-02-18,51.369999,51.650002,51.25,51.380001,554400,50.752148
2015-02-17,51.310001,51.599998,51.080002,51.50,1149200,50.870681
2015-02-13,51.09,51.459999,50.900002,51.41,1144600,50.781781
2015-02-12,50.139999,50.740002,50.00,50.610001,974000,49.991557
2015-02-11,50.00,50.16,49.689999,49.900002,1015300,49.290234
2015-02-10,50.110001,50.169998,49.389999,50.029999,782200,49.418643
2015-02-09,49.389999,50.02,49.389999,49.849998,865300,49.240842
2015-02-06,49.73,50.139999,49.43,49.610001,1075900,49.003777
2015-02-05,49.650002,50.18,49.610001,49.689999,1169600,49.082797
2015-02-04,50.200001,50.32,49.369999,49.509998,992700,48.904997
2015-02-03,49.84,50.779999,49.84,50.450001,1527000,49.833513
2015-02-02,48.18,49.580002,47.959999,49.52,1589200,48.914877
2015-01-30,48.689999,49.139999,47.849998,47.900002,1687700,47.314674
2015-01-29,48.720001,49.310001,48.060001,49.139999,1538500,48.539519
2015-01-28,49.470001,50.200001,48.639999,48.75,2427100,48.154285
2015-01-27,49.02,49.349998,48.509998,49.00,1421800,48.40123
2015-01-26,48.900002,49.619999,48.509998,49.580002,1282400,48.974145
2015-01-23,49.119999,49.32,48.610001,48.830002,1025700,48.23331
2015-01-22,49.23,49.580002,48.639999,49.290001,1048800,48.687688
2015-01-21,48.299999,49.25,48.27,49.150002,953400,48.549399
2015-01-20,48.810001,48.970001,48.080002,48.459999,1354400,47.867828
2015-01-16,48.130001,48.599998,47.860001,48.560001,2000900,47.966609
2015-01-15,49.369999,49.470001,48.290001,48.330002,1152500,47.73942
2015-01-14,48.990002,49.43,48.50,49.099998,1028700,48.500007
2015-01-13,49.990002,50.439999,49.099998,49.720001,1143100,49.112433
2015-01-12,50.91,50.93,49.599998,49.720001,1494000,49.112433
2015-01-09,51.599998,51.720001,50.959999,50.990002,1085300,50.366915
2015-01-08,50.639999,51.459999,50.540001,51.450001,1590300,50.821293
2015-01-07,50.490002,50.619999,50.040001,50.209999,1207100,49.596444
2015-01-06,51.040001,51.119999,49.66,50.060001,1410100,49.448279
2015-01-05,52.02,52.16,50.860001,51.040001,867400,50.416303
2015-01-02,52.759998,52.869999,51.93,52.619999,648300,51.976994
2014-12-31,53.540001,53.77,52.580002,52.630001,744100,51.986874
2014-12-30,53.68,53.720001,53.259998,53.279999,589000,52.628929
2014-12-29,53.720001,54.150002,53.48,53.919998,983600,53.261107
2014-12-26,54.119999,54.25,53.900002,53.98,453300,53.320375
2014-12-24,53.77,54.16,53.52,53.98,603600,53.320375
2014-12-23,53.290001,53.849998,53.150002,53.790001,1238200,53.132699
2014-12-22,52.369999,53.259998,52.25,53.139999,1180600,52.49064
2014-12-19,52.389999,52.98,52.23,52.360001,2938300,51.720173
2014-12-18,50.810001,52.32,50.48,52.290001,2425800,51.651028
2014-12-17,48.790001,50.25,48.529999,50.110001,1540500,49.497667
2014-12-16,48.50,49.650002,48.490002,48.73,1362900,48.134529
2014-12-15,48.970001,49.07,48.369999,48.66,1193600,48.065385
2014-12-12,49.57,49.759998,48.509998,48.59,1894900,47.996241
2014-12-11,49.919998,50.389999,49.52,49.639999,820100,49.033409
2014-12-10,50.709999,50.790001,49.48,49.720001,1205400,49.112433
2014-12-09,50.439999,51.110001,50.389999,51.07,654900,50.445935
2014-12-08,51.509998,51.630001,50.740002,50.990002,778200,50.366915
2014-12-05,51.77,51.849998,51.369999,51.52,888000,50.890437
2014-12-04,51.720001,51.959999,51.50,51.740002,681700,51.10775
2014-12-03,51.23,52.209999,50.740002,51.900002,927500,51.265795
2014-12-02,50.709999,51.209999,50.529999,51.080002,741300,50.366916
2014-12-01,50.709999,51.09,50.389999,50.650002,1324300,49.942918
2014-11-28,51.27,51.43,50.810001,50.959999,727900,50.248588
2014-11-26,51.98,52.00,51.50,51.700001,1292800,50.978259
2014-11-25,51.950001,52.209999,51.75,51.939999,1012000,51.214907
2014-11-24,51.68,51.950001,51.450001,51.68,950800,50.958538
2014-11-21,51.68,51.869999,51.299999,51.630001,781000,50.909237
2014-11-20,50.759998,51.220001,50.630001,50.919998,695100,50.209146
2014-11-19,50.689999,51.110001,50.299999,51.00,942200,50.288031
2014-11-18,51.00,51.610001,50.59,50.709999,2650900,50.002078
2014-11-17,51.310001,51.560001,50.59,51.060001,1771900,50.347194
2014-11-14,50.02,51.860001,49.990002,51.700001,2331100,50.978259
2014-11-13,48.50,51.169998,46.919998,50.32,9870600,49.617523
2014-11-12,51.950001,52.34,51.84,52.220001,1829600,51.491
2014-11-11,52.349998,52.380001,51.970001,52.310001,985200,51.579744
2014-11-10,52.00,52.360001,51.82,52.220001,1201400,51.491
2014-11-07,51.959999,52.09,51.68,52.009998,1463400,51.283929
2014-11-06,51.639999,52.18,51.240002,52.169998,1328900,51.441695
2014-11-05,51.709999,51.779999,51.240002,51.389999,1106700,50.672586
2014-11-04,52.00,52.00,51.259998,51.32,838600,50.603563
2014-11-03,52.130001,52.400002,51.459999,51.990002,1139700,51.264212
2014-10-31,51.990002,52.150002,51.41,52.150002,1595900,51.421978
2014-10-30,50.599998,51.52,50.599998,51.23,869500,50.514819
2014-10-29,51.540001,51.720001,50.360001,50.869999,1006300,50.159844
2014-10-28,50.169998,51.610001,50.07,51.580002,1488600,50.859936
2014-10-27,51.02,51.330002,50.59,51.279999,1200600,50.564121
2014-10-24,50.779999,51.389999,50.450001,51.330002,986400,50.613426
2014-10-23,50.360001,51.040001,50.099998,50.830002,902700,50.120406
2014-10-22,50.57,50.610001,49.619999,49.650002,1716000,48.956878
2014-10-21,49.810001,50.52,49.669998,50.470001,1355200,49.765431
2014-10-20,48.709999,49.299999,48.32,49.27,1448000,48.582182
2014-10-17,47.990002,48.959999,47.91,48.830002,1929500,48.148326
2014-10-16,45.75,47.59,45.75,47.41,1451200,46.748148
2014-10-15,45.540001,46.860001,45.119999,46.630001,2044300,45.979038
2014-10-14,46.630001,46.98,45.900002,46.119999,2169500,45.476155
2014-10-13,47.48,47.57,46.240002,46.299999,1538900,45.653643
2014-10-10,48.48,48.48,47.41,47.41,1590400,46.748148
2014-10-09,49.369999,49.450001,48.380001,48.400002,1180800,47.724329
2014-10-08,48.450001,49.52,48.02,49.52,1287200,48.828692
2014-10-07,49.57,49.669998,48.50,48.509998,1047200,47.83279
2014-10-06,50.18,50.459999,50.02,50.18,859800,49.479478
2014-10-03,49.669998,50.220001,49.48,50.09,1080400,49.390735
2014-10-02,49.25,49.50,48.639999,49.290001,1378400,48.601903
2014-10-01,49.98,50.130001,49.27,49.330002,2408200,48.641346
2014-09-30,50.869999,51.07,50.18,50.209999,1213700,49.509058
2014-09-29,51.389999,51.419998,50.799999,50.98,1772000,50.268309
2014-09-26,50.639999,52.049999,50.580002,52.009998,1587000,51.283929
2014-09-25,51.09,51.189999,50.400002,50.580002,692500,49.873896
2014-09-24,50.779999,51.369999,50.549999,51.330002,1004700,50.613426
2014-09-23,51.41,51.540001,50.720001,50.759998,1000200,50.051379
2014-09-22,52.02,52.029999,51.25,51.450001,780100,50.731749
2014-09-19,52.259998,52.490002,52.00,52.16,1144800,51.431837
2014-09-18,51.970001,52.130001,51.77,51.950001,1060200,51.224769
2014-09-17,51.880001,52.16,51.540001,51.779999,993900,51.057141
2014-09-16,51.77,51.880001,51.509998,51.720001,674600,50.997981
2014-09-15,52.00,52.080002,51.630001,51.77,531700,51.047282
2014-09-12,52.470001,52.509998,51.970001,52.099998,480700,51.372673
2014-09-11,52.580002,52.799999,52.400002,52.68,331500,51.855833
2014-09-10,52.439999,52.939999,52.41,52.779999,454500,51.954267
2014-09-09,52.919998,53.009998,52.389999,52.419998,526300,51.599898
2014-09-08,53.189999,53.490002,52.869999,53.02,521000,52.190514
2014-09-05,52.759998,53.27,52.450001,53.150002,1330700,52.318481
2014-09-04,52.970001,53.439999,52.700001,52.900002,618900,52.072392
2014-09-03,53.139999,53.330002,52.639999,52.779999,779000,51.954267
2014-09-02,53.130001,53.34,52.669998,52.869999,792700,52.042859
2014-08-29,53.150002,53.200001,52.860001,52.939999,569900,52.111764
2014-08-28,52.549999,53.00,52.32,52.970001,546000,52.141297
2014-08-27,52.970001,53.080002,52.57,52.830002,565500,52.003488
2014-08-26,53.110001,53.200001,52.900002,52.919998,378800,52.092076
2014-08-25,53.18,53.27,52.950001,53.18,378000,52.34801
2014-08-22,53.060001,53.130001,52.709999,52.950001,483900,52.121609
2014-08-21,53.169998,53.220001,52.799999,53.119999,489600,52.288948
2014-08-20,52.740002,53.240002,52.66,53.150002,802500,52.318481
2014-08-19,52.380001,52.709999,52.220001,52.689999,614400,51.865675
2014-08-18,51.799999,52.389999,51.709999,52.389999,795500,51.570369
2014-08-15,51.779999,51.830002,50.98,51.41,562800,50.605701
2014-08-14,51.66,51.759998,51.48,51.529999,887000,50.723823
2014-08-13,51.560001,51.630001,51.34,51.59,1042600,50.782885
2014-08-12,51.209999,51.650002,51.00,51.279999,767200,50.477734
2014-08-11,51.759998,51.91,51.279999,51.43,977900,50.625389
2014-08-08,50.77,51.740002,50.580002,51.689999,1196100,50.88132
2014-08-07,51.169998,51.259998,50.439999,50.490002,1114000,49.700096
2014-08-06,50.66,51.040001,50.41,50.849998,1383900,50.054461
2014-08-05,50.799999,51.599998,50.16,50.970001,3538000,50.172586
2014-08-04,48.740002,49.25,48.41,49.110001,1349300,48.341685
2014-08-01,48.57,48.779999,47.950001,48.540001,1775300,47.780603
2014-07-31,49.82,50.009998,48.599998,48.689999,1831400,47.928254
2014-07-30,50.860001,50.990002,49.900002,50.18,1587400,49.394945
2014-07-29,51.369999,51.540001,50.720001,50.740002,1090100,49.946185
2014-07-28,51.52,51.630001,50.889999,51.439999,616300,50.635231
2014-07-25,51.68,51.759998,51.23,51.549999,484700,50.74351
2014-07-24,51.959999,52.130001,51.610001,51.779999,513400,50.969912
2014-07-23,52.25,52.25,51.810001,51.880001,408000,51.068349
2014-07-22,52.240002,52.400002,52.049999,52.16,685400,51.343968
2014-07-21,51.880001,52.200001,51.709999,51.959999,481300,51.147096
2014-07-18,51.77,52.150002,51.68,52.130001,679000,51.314438
2014-07-17,52.549999,52.650002,51.599998,51.669998,877700,50.861632
2014-07-16,53.00,53.150002,52.66,52.849998,626900,52.023171
2014-07-15,52.66,52.98,52.549999,52.860001,1164400,52.033017
2014-07-14,52.639999,52.810001,52.389999,52.549999,676300,51.727866
2014-07-11,52.23,52.43,51.82,52.240002,786500,51.422718
2014-07-10,52.150002,52.330002,51.939999,52.169998,608000,51.35381
2014-07-09,52.709999,52.919998,52.34,52.52,699200,51.698336
2014-07-08,52.66,52.75,52.299999,52.619999,622800,51.79677
2014-07-07,53.040001,53.060001,52.689999,52.759998,595400,51.934579
2014-07-03,52.82,53.27,52.610001,53.139999,410100,52.308635
2014-07-02,52.619999,52.77,52.27,52.560001,1009600,51.737711
2014-07-01,52.509998,52.91,52.23,52.790001,2705100,51.964113
2014-06-30,52.779999,52.970001,52.240002,52.279999,2007800,51.462089
2014-06-27,52.740002,53.220001,52.599998,52.919998,766000,52.092076
2014-06-26,53.240002,53.34,52.509998,52.82,763200,51.993642
2014-06-25,52.970001,53.450001,52.959999,53.27,487300,52.436603
2014-06-24,53.689999,54.220001,53.200001,53.23,675700,52.397227
2014-06-23,54.07,54.240002,53.700001,53.720001,345700,52.879563
2014-06-20,53.959999,54.150002,53.50,54.080002,1245000,53.233932
2014-06-19,53.52,53.59,53.009998,53.529999,623100,52.692533
2014-06-18,53.290001,53.50,52.84,53.450001,747700,52.613787
2014-06-17,52.810001,53.32,52.77,53.27,512500,52.436603
2014-06-16,53.099998,53.360001,52.830002,53.029999,617500,52.200356
2014-06-13,53.27,53.450001,52.970001,53.27,468800,52.436603
2014-06-12,53.650002,53.860001,53.080002,53.25,458500,52.416915
2014-06-11,53.77,54.009998,53.700001,53.799999,566600,52.869717
2014-06-10,54.029999,54.27,53.860001,54.09,587600,53.154704
2014-06-09,53.68,54.50,53.650002,54.200001,906800,53.262802
2014-06-06,53.419998,53.799999,53.299999,53.799999,566900,52.869717
2014-06-05,52.919998,53.419998,52.619999,53.27,696700,52.348883
2014-06-04,52.779999,52.98,52.619999,52.849998,717700,51.936143
2014-06-03,52.900002,53.119999,52.75,52.959999,777000,52.044242
2014-06-02,53.060001,53.169998,52.599998,52.939999,762000,52.024587
2014-05-30,53.330002,53.330002,52.75,53.080002,564900,52.16217
2014-05-29,52.860001,53.080002,52.549999,53.060001,509800,52.142515
2014-05-28,52.900002,53.220001,52.779999,52.84,759200,51.926318
2014-05-27,52.919998,52.93,52.59,52.759998,497100,51.8477
2014-05-23,52.509998,52.759998,52.200001,52.490002,787400,51.582372
2014-05-22,52.150002,52.639999,52.150002,52.360001,532800,51.454618
2014-05-21,51.84,52.220001,51.720001,52.150002,408900,51.24825
2014-05-20,52.630001,52.740002,51.400002,51.630001,798100,50.737242
2014-05-19,52.57,52.860001,52.439999,52.650002,686100,51.739605
2014-05-16,52.299999,52.830002,52.110001,52.73,899100,51.818219
2014-05-15,52.59,52.759998,51.669998,52.32,636400,51.415309
2014-05-14,53.130001,53.439999,52.66,52.790001,648200,51.877183
2014-05-13,53.740002,53.91,53.330002,53.349998,455400,52.427498
2014-05-12,53.130001,53.639999,53.080002,53.610001,805000,52.683004
2014-05-09,53.130001,53.200001,52.689999,52.970001,739800,52.054071
2014-05-08,52.950001,53.709999,52.919998,53.130001,969700,52.211304
2014-05-07,52.560001,53.09,52.23,53.02,1118800,52.103206
2014-05-06,53.029999,53.529999,52.259998,52.509998,1153700,51.602022
2014-05-05,52.43,53.029999,52.080002,52.950001,969700,52.034417
2014-05-02,52.639999,53.330002,52.560001,52.700001,796800,51.788739
2014-05-01,52.549999,53.27,52.450001,52.75,1191000,51.837874
2014-04-30,52.25,52.77,51.720001,52.720001,1188800,51.808394
2014-04-29,52.169998,52.439999,51.82,52.259998,1038300,51.356345
2014-04-28,51.599998,51.93,50.959999,51.779999,1243700,50.884646
2014-04-25,51.869999,51.869999,51.040001,51.490002,860800,50.599663
2014-04-24,51.98,52.169998,51.32,51.919998,496100,51.022224
2014-04-23,52.040001,52.279999,51.669998,51.790001,581500,50.894475
2014-04-22,51.919998,52.310001,51.790001,52.02,601600,51.120497
2014-04-21,52.080002,52.150002,51.68,51.959999,473600,51.061533
2014-04-17,51.689999,52.259998,51.529999,52.029999,827000,51.130323
2014-04-16,51.23,51.68,51.049999,51.59,820000,50.697932
2014-04-15,50.75,50.990002,49.77,50.759998,858000,49.882283
2014-04-14,50.889999,51.23,50.080002,50.560001,1055600,49.685744
2014-04-11,49.580002,50.599998,49.50,50.32,1609800,49.449892
2014-04-10,50.810001,51.16,49.650002,49.700001,980800,48.840614
2014-04-09,50.900002,51.07,50.509998,50.77,1278800,49.892112
2014-04-08,50.450001,50.970001,50.060001,50.630001,1097000,49.754533
2014-04-07,51.290001,51.299999,50.349998,50.490002,975700,49.616955
2014-04-04,53.00,53.00,51.389999,51.400002,828900,50.511219
2014-04-03,53.00,53.060001,52.34,52.689999,733200,51.77891
2014-04-02,52.509998,53.09,52.490002,52.84,732400,51.926318
2014-04-01,51.720001,52.52,51.43,52.509998,926900,51.602022
2014-03-31,51.759998,51.889999,51.209999,51.490002,1419800,50.599663
2014-03-28,51.290001,51.68,51.18,51.330002,1029900,50.44243
2014-03-27,51.59,51.82,51.18,51.32,729400,50.432601
2014-03-26,52.860001,53.169998,51.73,51.73,903100,50.835511
2014-03-25,52.82,53.139999,52.41,52.68,951100,51.769085
2014-03-24,53.040001,53.209999,52.16,52.490002,570100,51.582372
2014-03-21,53.509998,53.779999,52.900002,52.919998,1424600,52.004933
2014-03-20,52.759998,53.16,52.720001,53.029999,697000,52.113031
2014-03-19,53.91,53.959999,52.599998,53.02,745200,52.103206
2014-03-18,53.68,53.959999,53.650002,53.900002,436700,52.96799
2014-03-17,53.009998,53.709999,52.970001,53.650002,516500,52.722313
2014-03-14,52.580002,53.16,52.50,52.619999,705500,51.710121
2014-03-13,53.48,53.68,52.490002,52.73,899000,51.818219
2014-03-12,52.529999,53.259998,52.119999,53.23,804300,52.250611
2014-03-11,53.66,53.759998,52.75,52.970001,515800,51.995397
2014-03-10,53.959999,54.080002,53.380001,53.619999,710000,52.633435
2014-03-07,53.93,54.400002,53.77,54.150002,715800,53.153686
2014-03-06,53.799999,53.919998,53.549999,53.75,473200,52.761044
2014-03-05,53.810001,53.990002,53.57,53.619999,611300,52.633435
2014-03-04,53.189999,53.799999,53.189999,53.73,641000,52.741412
2014-03-03,52.77,52.959999,52.18,52.610001,549600,51.64202
2014-02-28,53.080002,53.57,52.84,53.240002,569800,52.260429
2014-02-27,52.669998,53.029999,52.57,53.00,749500,52.024844
2014-02-26,53.00,53.169998,52.57,52.689999,836200,51.720546
2014-02-25,52.790001,53.470001,52.720001,52.889999,785700,51.916867
2014-02-24,52.50,53.369999,52.400002,52.860001,725200,51.88742
2014-02-21,52.290001,52.720001,52.18,52.349998,1101600,51.386801
2014-02-20,51.619999,52.369999,51.619999,52.259998,894700,51.298457
2014-02-19,51.349998,51.950001,51.349998,51.610001,1329100,50.660419
2014-02-18,51.549999,51.720001,51.119999,51.450001,1275900,50.503363
2014-02-14,51.16,51.419998,50.919998,51.380001,615300,50.434651
2014-02-13,50.360001,51.25,50.16,51.220001,768100,50.277595
2014-02-12,50.220001,50.84,50.119999,50.720001,780800,49.786795
2014-02-11,49.630001,50.150002,49.450001,50.02,712000,49.099674
2014-02-10,49.630001,49.740002,49.119999,49.439999,717000,48.530343
2014-02-07,49.099998,49.709999,48.970001,49.66,628200,48.746297
2014-02-06,48.009998,48.900002,48.009998,48.75,834900,47.85304
2014-02-05,47.919998,48.119999,47.529999,47.939999,1154800,47.057942
2014-02-04,47.779999,48.290001,47.389999,48.09,1453100,47.205184
2014-02-03,49.599998,49.720001,47.630001,47.66,1225900,46.783095
2014-01-31,49.52,49.84,49.27,49.419998,841300,48.510711
2014-01-30,50.220001,50.360001,49.810001,50.060001,964600,49.138938
2014-01-29,50.459999,50.66,48.59,49.740002,2043000,48.824826
2014-01-28,49.57,50.18,49.50,49.900002,1570000,48.981882
2014-01-27,49.880001,50.099998,49.360001,49.389999,1465900,48.481264
2014-01-24,50.82,51.169998,49.619999,49.630001,1320200,48.71685
2014-01-23,51.84,51.93,51.110001,51.369999,725400,50.424833
2014-01-22,51.93,52.32,51.790001,52.09,549000,51.131587
2014-01-21,52.360001,52.490002,51.57,52.119999,1039300,51.161034
2014-01-17,52.349998,52.540001,51.82,52.02,1185700,51.062875
2014-01-16,52.689999,53.16,52.52,52.599998,816700,51.632202
2014-01-15,52.220001,52.849998,52.220001,52.759998,609000,51.789258
2014-01-14,51.740002,52.25,51.400002,52.240002,780700,51.278829
2014-01-13,52.290001,52.599998,51.540001,51.66,605300,50.709498
2014-01-10,52.25,52.549999,51.880001,52.529999,593600,51.56349
2014-01-09,52.23,52.240002,51.82,52.189999,909300,51.229746
2014-01-08,52.139999,52.25,51.639999,51.98,944500,51.02361
2014-01-07,52.00,52.50,51.779999,52.099998,1032000,51.141401
2014-01-06,52.599998,52.73,51.689999,51.880001,659100,50.925452
2014-01-03,52.09,52.599998,52.009998,52.169998,673200,51.210113
2014-01-02,52.43,52.52,51.900002,52.09,570200,51.131587
2013-12-31,52.639999,52.82,52.470001,52.669998,474900,51.700913
2013-12-30,52.450001,52.630001,52.25,52.52,466600,51.553676
2013-12-27,52.529999,52.889999,52.330002,52.450001,339800,51.484964
2013-12-26,52.610001,52.66,52.09,52.57,370700,51.602755
2013-12-24,52.049999,52.669998,52.049999,52.549999,412800,51.583122
2013-12-23,52.290001,52.290001,51.98,52.060001,846800,51.10214
2013-12-20,51.50,52.349998,51.439999,52.029999,1797300,51.07269
2013-12-19,51.209999,51.470001,51.02,51.369999,929500,50.424833
2013-12-18,50.130001,51.290001,49.869999,51.240002,1544200,50.297228
2013-12-17,49.799999,50.290001,49.560001,50.119999,1703500,49.197832
2013-12-16,49.41,49.98,49.41,49.830002,1359700,48.913171
2013-12-13,48.98,49.509998,48.98,49.279999,1231500,48.373287
2013-12-12,48.540001,49.009998,48.389999,48.98,995500,48.078808
2013-12-11,49.130001,49.25,48.57,48.610001,1028600,47.715617
2013-12-10,49.23,49.560001,49.099998,49.16,811500,48.255496
2013-12-09,49.68,49.790001,49.290001,49.380001,1039600,48.47145
2013-12-06,49.34,49.509998,49.110001,49.48,871500,48.569608
2013-12-05,48.849998,49.18,48.77,48.900002,658300,48.000282
2013-12-04,48.48,49.330002,48.130001,49.130001,863700,48.226049
2013-12-03,48.59,48.900002,48.509998,48.720001,861300,47.764698
2013-12-02,49.16,49.349998,48.759998,48.84,784300,47.882344
2013-11-29,49.509998,49.700001,49.110001,49.220001,609200,48.254894
2013-11-27,49.43,49.580002,49.27,49.490002,499200,48.519601
2013-11-26,49.549999,49.91,49.369999,49.380001,1082600,48.411757
2013-11-25,49.830002,49.959999,49.32,49.439999,1007000,48.470578
2013-11-22,49.50,49.77,49.27,49.75,911400,48.774501
2013-11-21,48.66,49.349998,48.450001,49.330002,563500,48.362738
2013-11-20,48.810001,48.830002,48.330002,48.450001,1019800,47.499992
2013-11-19,49.040001,49.110001,48.419998,48.599998,953800,47.647049
2013-11-18,49.560001,49.599998,48.880001,49.029999,913700,48.068618
2013-11-15,49.07,49.32,48.98,49.25,822200,48.284305
2013-11-14,49.119999,49.310001,48.830002,49.099998,574900,48.137245
2013-11-13,48.43,49.080002,48.389999,49.07,917000,48.107834
2013-11-12,48.52,48.720001,48.34,48.709999,1044800,47.754892
2013-11-11,48.610001,48.740002,48.259998,48.650002,684600,47.696071
2013-11-08,47.990002,48.549999,47.830002,48.529999,878300,47.578422
2013-11-07,48.610001,49.029999,47.919998,47.939999,2126800,46.99999
2013-11-06,48.00,48.650002,47.900002,48.380001,1012600,47.431365
2013-11-05,47.759998,48.060001,47.34,47.91,767300,46.97058
2013-11-04,47.93,48.200001,47.720001,48.029999,945700,47.088226
2013-11-01,47.849998,47.939999,47.41,47.799999,960700,46.862736
2013-10-31,47.66,48.110001,47.330002,47.830002,931500,46.89215
2013-10-30,48.189999,48.400002,47.419998,47.619999,1270600,46.686265
2013-10-29,47.799999,47.82,47.07,47.82,2186000,46.882344
2013-10-28,47.009998,47.119999,45.98,46.119999,1919800,45.215677
2013-10-25,46.689999,47.25,46.689999,47.09,1865200,46.166658
2013-10-24,46.759998,47.00,46.669998,46.68,768400,45.764698
2013-10-23,46.779999,46.990002,46.400002,46.720001,871600,45.803914
2013-10-22,46.389999,46.970001,46.389999,46.869999,1026100,45.950971
2013-10-21,46.209999,46.529999,46.189999,46.310001,1147500,45.401954
2013-10-18,45.919998,46.360001,45.919998,46.07,1584900,45.166658
2013-10-17,45.049999,45.709999,45.00,45.66,854900,44.764698
2013-10-16,45.189999,45.349998,44.93,45.139999,896000,44.254893
2013-10-15,45.43,45.59,44.830002,44.93,738600,44.049012
2013-10-14,45.110001,45.709999,44.990002,45.610001,723100,44.715679
2013-10-11,45.09,45.560001,45.009998,45.43,830100,44.539208
2013-10-10,44.25,45.150002,44.139999,45.09,1068700,44.205874
2013-10-09,43.950001,44.16,43.400002,43.709999,1881300,42.852933
2013-10-08,44.689999,44.91,43.91,43.93,1577700,43.06862
2013-10-07,44.48,44.98,44.389999,44.740002,894800,43.862739
2013-10-04,44.84,45.23,44.669998,44.98,1329000,44.098031
2013-10-03,45.200001,45.419998,44.439999,44.830002,1570900,43.950974
2013-10-02,45.580002,45.580002,44.970001,45.439999,1169000,44.54901
2013-10-01,46.130001,46.380001,45.43,45.689999,1806800,44.794108
2013-09-30,45.150002,46.099998,45.150002,46.02,1671500,45.117639
2013-09-27,45.880001,45.990002,45.59,45.639999,1384600,44.745089
2013-09-26,46.209999,46.349998,45.82,46.209999,1758400,45.303912
2013-09-25,46.25,46.610001,46.02,46.169998,2892900,45.264696
2013-09-24,45.970001,46.41,45.889999,46.220001,2640200,45.313718
2013-09-23,45.849998,46.189999,45.810001,46.029999,3233500,45.127442
2013-09-20,46.27,46.52,45.459999,46.00,27213500,45.098031
2013-09-19,45.939999,46.490002,45.830002,46.02,1729300,45.117639
2013-09-18,45.360001,45.950001,45.189999,45.779999,1469100,44.882344
2013-09-17,45.259998,45.470001,45.110001,45.470001,1703700,44.578424
2013-09-16,45.619999,45.889999,45.130001,45.32,1073200,44.431364
2013-09-13,45.889999,45.93,44.880001,45.139999,2075700,44.254893
2013-09-12,45.599998,47.00,45.169998,45.57,4202000,44.676462
2013-09-11,44.32,44.490002,44.09,44.490002,1178100,43.558818
2013-09-10,44.23,44.43,44.060001,44.310001,1587300,43.382585
2013-09-09,44.18,44.310001,43.869999,43.900002,1683600,42.981167
2013-09-06,43.880001,44.279999,43.389999,43.98,884100,43.059491
2013-09-05,43.470001,44.029999,43.34,43.860001,669900,42.942003
2013-09-04,42.650002,43.48,42.48,43.369999,1503700,42.462257
2013-09-03,43.509998,43.619999,42.23,42.599998,2121000,41.708373
2013-08-30,43.490002,43.52,42.84,42.919998,1185200,42.021675
2013-08-29,43.32,43.66,43.32,43.48,844700,42.569956
2013-08-28,43.279999,43.610001,43.099998,43.450001,538900,42.540585
2013-08-27,44.130001,44.150002,43.27,43.27,989600,42.364352
2013-08-26,44.389999,44.66,44.220001,44.369999,588300,43.441327
2013-08-23,44.380001,44.450001,44.110001,44.25,882000,43.32384
2013-08-22,43.950001,44.330002,43.77,44.23,457800,43.304258
2013-08-21,43.93,44.240002,43.740002,43.779999,796700,42.863676
2013-08-20,43.849998,44.290001,43.639999,44.130001,771900,43.206353
2013-08-19,43.459999,44.040001,43.439999,43.790001,1031600,42.873469
2013-08-16,43.700001,44.139999,43.310001,43.43,1671400,42.521003
2013-08-15,44.59,44.599998,43.599998,43.700001,1460500,42.785352
2013-08-14,45.759998,45.830002,44.959999,44.98,954000,44.03856
2013-08-13,45.900002,45.900002,45.41,45.73,527500,44.772863
2013-08-12,45.169998,46.040001,45.169998,45.759998,576500,44.802234
2013-08-09,45.759998,45.91,45.34,45.419998,995800,44.46935
2013-08-08,45.50,46.009998,45.349998,45.740002,727300,44.782656
2013-08-07,45.639999,46.380001,43.869999,45.549999,2996800,44.59663
2013-08-06,47.650002,47.970001,46.990002,47.150002,1718900,46.163144
2013-08-05,47.599998,48.009998,47.540001,47.799999,981200,46.799537
2013-08-02,47.380001,47.84,47.279999,47.779999,880400,46.779955
2013-08-01,46.740002,47.849998,46.709999,47.700001,1962200,46.701632
2013-07-31,46.189999,46.77,46.189999,46.279999,1101600,45.31135
2013-07-30,45.959999,46.169998,45.75,46.049999,526800,45.086165
2013-07-29,45.68,45.959999,45.540001,45.73,598300,44.772863
2013-07-26,45.380001,46.00,45.380001,45.759998,1128100,44.802234
2013-07-25,45.669998,45.82,45.490002,45.639999,829900,44.684746
2013-07-24,46.189999,46.279999,45.599998,45.779999,498100,44.821816
2013-07-23,46.139999,46.27,45.91,45.939999,625600,44.978467
2013-07-22,45.799999,46.32,45.740002,46.049999,552100,45.086165
2013-07-19,45.73,45.950001,45.610001,45.810001,467000,44.85119
2013-07-18,45.349998,45.779999,45.330002,45.75,481300,44.792445
2013-07-17,45.34,45.59,45.189999,45.27,756000,44.322492
2013-07-16,45.490002,45.549999,45.02,45.130001,640900,44.185422
2013-07-15,45.299999,45.560001,45.189999,45.41,729000,44.459561
2013-07-12,44.939999,45.360001,44.75,45.330002,731500,44.381237
2013-07-11,44.849998,45.150002,44.720001,44.91,1185200,43.970026
2013-07-10,44.459999,44.799999,44.279999,44.540001,928000,43.607771
2013-07-09,44.50,44.68,44.259998,44.540001,814800,43.607771
2013-07-08,44.32,44.610001,44.099998,44.23,908200,43.304258
2013-07-05,43.650002,44.169998,43.599998,44.150002,878800,43.225934
2013-07-03,43.130001,43.669998,43.00,43.450001,761000,42.540585
2013-07-02,43.240002,43.91,43.169998,43.259998,1774200,42.354559
2013-07-01,42.439999,43.459999,42.439999,43.220001,1449700,42.315399
2013-06-28,42.00,42.490002,41.700001,42.299999,1932700,41.414653
2013-06-27,41.439999,42.060001,41.330002,42.00,707900,41.120933
2013-06-26,41.18,41.360001,40.939999,41.07,1204500,40.210398
2013-06-25,40.740002,41.080002,40.389999,40.880001,1126800,40.024376
2013-06-24,39.810001,40.720001,39.459999,40.419998,1427300,39.574001
2013-06-21,40.700001,40.869999,40.07,40.380001,1243000,39.534841
2013-06-20,41.439999,41.439999,40.619999,40.66,758100,39.808979
2013-06-19,42.25,42.650002,41.82,41.830002,956300,40.954493
2013-06-18,41.990002,42.450001,41.84,42.360001,1347600,41.473399
2013-06-17,43.209999,43.209999,41.68,41.900002,1895200,41.023027
2013-06-14,42.599998,42.779999,42.240002,42.759998,1042300,41.865024
2013-06-13,42.25,42.849998,41.970001,42.73,975500,41.835653
2013-06-12,42.77,42.889999,42.189999,42.220001,841400,41.336329
2013-06-11,42.169998,42.860001,41.990002,42.540001,1171600,41.590887
2013-06-10,43.200001,43.32,42.66,42.93,678000,41.972185
2013-06-07,42.799999,43.259998,42.610001,43.099998,661100,42.13839
2013-06-06,42.59,42.990002,42.259998,42.540001,1418900,41.590887
2013-06-05,42.82,43.150002,42.400002,42.669998,2092000,41.717984
2013-06-04,43.299999,43.610001,42.84,42.970001,1177200,42.011294
2013-06-03,43.27,43.509998,42.790001,43.34,1028900,42.373037
2013-05-31,43.330002,43.98,43.130001,43.150002,1055100,42.187278
2013-05-30,43.080002,43.709999,43.029999,43.50,880900,42.529468
2013-05-29,43.00,43.299999,42.740002,42.939999,887900,41.98196
2013-05-28,43.43,43.790001,43.16,43.389999,736000,42.421921
2013-05-24,42.77,43.02,42.509998,42.93,615800,41.972185
2013-05-23,42.900002,43.189999,42.68,43.110001,985600,42.148169
2013-05-22,43.639999,43.880001,43.029999,43.259998,1254300,42.294821
2013-05-21,43.459999,43.939999,43.240002,43.689999,1102000,42.715227
2013-05-20,43.16,43.84,43.16,43.50,703100,42.529468
2013-05-17,42.830002,43.50,42.830002,43.360001,811100,42.392592
2013-05-16,42.880001,43.209999,42.650002,42.720001,862100,41.766871
2013-05-15,42.610001,43.040001,42.560001,42.93,932600,41.972185
2013-05-14,41.790001,42.75,41.790001,42.689999,923300,41.737538
2013-05-13,41.68,41.990002,41.450001,41.799999,819600,40.867396
2013-05-10,41.790001,41.950001,41.470001,41.84,1067200,40.906504
2013-05-09,41.740002,42.00,41.630001,41.790001,789100,40.85762
2013-05-08,41.59,41.880001,41.540001,41.740002,1266000,40.808737
2013-05-07,40.959999,41.27,40.860001,41.189999,679300,40.271005
2013-05-06,40.77,40.990002,40.619999,40.849998,633100,39.93859
2013-05-03,40.560001,41.119999,40.43,40.869999,1205600,39.958145
2013-05-02,40.040001,40.459999,39.950001,40.080002,1270600,39.185773
2013-05-01,40.400002,40.720001,39.82,39.82,1108200,38.931572
2013-04-30,40.630001,40.720001,40.360001,40.709999,1645000,39.801715
2013-04-29,40.790001,40.799999,40.450001,40.549999,1508800,39.645284
2013-04-26,40.900002,40.900002,40.349998,40.540001,1160300,39.635509
2013-04-25,41.200001,41.360001,40.630001,40.939999,1130800,40.026583
2013-04-24,40.93,41.200001,40.66,41.150002,703500,40.2319
2013-04-23,40.50,40.849998,40.290001,40.82,1530000,39.909261
2013-04-22,40.200001,40.459999,39.799999,40.330002,800600,39.430195
2013-04-19,39.950001,40.41,39.540001,40.200001,885600,39.303095
2013-04-18,40.25,40.369999,39.639999,39.900002,1085300,39.009789
2013-04-17,40.290001,40.52,39.849998,40.259998,1237900,39.361754
2013-04-16,40.150002,40.700001,39.98,40.689999,1971900,39.78216
2013-04-15,40.700001,40.759998,39.59,39.75,2837800,38.863134
2013-04-12,41.099998,41.419998,40.860001,40.950001,810900,40.036362
2013-04-11,41.639999,41.68,41.040001,41.189999,1428500,40.271005
2013-04-10,41.009998,41.919998,40.93,41.740002,968900,40.808737
2013-04-09,40.98,41.049999,40.529999,40.77,1191800,39.860377
2013-04-08,40.950001,41.00,40.400002,40.91,863800,39.997253
2013-04-05,40.959999,41.029999,40.419998,40.990002,920200,40.07547
2013-04-04,41.48,41.740002,41.279999,41.439999,780300,40.515427
2013-04-03,42.27,42.32,41.23,41.400002,1131100,40.476322
2013-04-02,42.84,42.860001,42.049999,42.200001,850300,41.258473
2013-04-01,43.32,43.32,42.490002,42.560001,717200,41.610441
2013-03-28,42.689999,43.459999,42.630001,43.360001,799500,42.392592
2013-03-27,42.380001,42.900002,42.060001,42.799999,422500,41.845085
2013-03-26,42.509998,42.700001,42.189999,42.689999,619400,41.737538
2013-03-25,42.779999,42.790001,42.189999,42.389999,589500,41.444232
2013-03-22,42.50,42.759998,42.209999,42.75,618000,41.796201
2013-03-21,42.599998,42.709999,42.189999,42.299999,543700,41.35624
2013-03-20,42.970001,43.150002,42.68,42.860001,591000,41.903747
2013-03-19,42.790001,43.040001,42.32,42.759998,573700,41.805976
2013-03-18,42.32,42.889999,42.209999,42.610001,843700,41.659325
2013-03-15,42.599998,42.889999,42.599998,42.810001,966100,41.854864
2013-03-14,42.619999,42.790001,42.48,42.779999,663000,41.82553
2013-03-13,42.349998,42.560001,42.099998,42.560001,766600,41.610441
2013-03-12,42.41,42.439999,42.09,42.330002,639400,41.385573
2013-03-11,42.349998,42.50,42.16,42.439999,717000,41.434454
2013-03-08,42.25,42.470001,41.889999,42.419998,1097600,41.414927
2013-03-07,42.290001,42.419998,41.900002,42.049999,877700,41.053695
2013-03-06,42.060001,42.610001,42.060001,42.209999,690800,41.209904
2013-03-05,41.950001,42.529999,41.950001,42.220001,657800,41.219669
2013-03-04,41.459999,41.779999,41.23,41.700001,669000,40.711989
2013-03-01,41.669998,41.790001,41.009998,41.490002,1553000,40.506966
2013-02-28,41.98,42.450001,41.810001,41.830002,1057200,40.83891
2013-02-27,41.369999,42.200001,40.689999,41.990002,1276300,40.995119
2013-02-26,41.119999,41.610001,41.040001,41.490002,919200,40.506966
2013-02-25,42.34,42.389999,41.040001,41.040001,871600,40.067627
2013-02-22,41.630001,42.299999,41.630001,42.240002,974800,41.239196
2013-02-21,41.689999,41.950001,41.450001,41.490002,1037300,40.506966
2013-02-20,42.389999,42.43,41.68,41.700001,673000,40.711989
2013-02-19,41.990002,42.450001,41.91,42.43,936300,41.424693
2013-02-15,41.830002,42.060001,41.759998,41.91,504300,40.917013
2013-02-14,41.810001,42.009998,41.77,41.91,332700,40.917013
2013-02-13,41.869999,42.040001,41.689999,42.00,669600,41.00488
2013-02-12,41.509998,41.98,41.310001,41.82,794100,40.829145
2013-02-11,41.369999,41.52,40.93,41.509998,773800,40.526489
2013-02-08,41.220001,41.57,41.009998,41.459999,315600,40.477674
2013-02-07,41.450001,41.450001,40.68,41.139999,639000,40.165256
2013-02-06,40.77,41.43,40.689999,41.360001,559100,40.380045
2013-02-05,40.939999,40.939999,40.73,40.900002,972000,39.930945
2013-02-04,41.150002,41.259998,40.639999,40.779999,1013000,39.813785
2013-02-01,41.169998,41.610001,41.02,41.470001,777700,40.487439
2013-01-31,40.82,41.029999,40.630001,40.990002,938000,40.018812
2013-01-30,41.290001,41.299999,40.849998,40.919998,776600,39.950467
2013-01-29,40.91,41.290001,40.830002,41.290001,939800,40.311704
2013-01-28,41.240002,41.330002,40.82,40.990002,894700,40.018812
2013-01-25,41.459999,41.549999,40.73,41.07,1856200,40.096915
2013-01-24,39.669998,41.220001,39.48,41.099998,2566200,40.126203
2013-01-23,39.669998,39.889999,39.610001,39.700001,825100,38.759376
2013-01-22,39.360001,39.919998,39.330002,39.830002,1215500,38.886297
2013-01-18,39.099998,39.389999,38.860001,39.360001,546400,38.427431
2013-01-17,38.689999,39.189999,38.540001,39.150002,916700,38.222408
2013-01-16,38.52,38.73,38.310001,38.50,1069200,37.587807
2013-01-15,38.32,38.619999,38.240002,38.529999,872100,37.617095
2013-01-14,38.759998,38.98,38.52,38.599998,606500,37.685436
2013-01-11,38.790001,38.970001,38.599998,38.77,1207300,37.85141
2013-01-10,38.779999,38.900002,38.279999,38.790001,1247900,37.870937
2013-01-09,38.59,38.880001,38.459999,38.75,541600,37.831884
2013-01-08,38.450001,38.830002,38.200001,38.540001,837400,37.62686
2013-01-07,38.75,38.810001,38.41,38.59,862400,37.675675
2013-01-04,38.619999,38.970001,38.369999,38.919998,969300,37.997854
2013-01-03,38.599998,38.849998,38.330002,38.470001,851300,37.558519
2013-01-02,38.419998,38.790001,38.00,38.650002,1259700,37.734255
2012-12-31,36.98,37.619999,36.860001,37.57,885600,36.679842
2012-12-28,37.060001,37.450001,37.040001,37.080002,601500,36.201453
2012-12-27,36.970001,37.470001,36.790001,37.310001,752300,36.426003
2012-12-26,37.450001,37.57,36.950001,36.970001,600500,36.094059
2012-12-24,37.200001,37.50,37.080002,37.450001,251400,36.562686
2012-12-21,36.93,37.50,36.919998,37.34,1438000,36.455291
2012-12-20,37.619999,37.73,37.299999,37.650002,846100,36.757948
2012-12-19,37.830002,38.00,37.470001,37.540001,1529000,36.650554
2012-12-18,37.549999,37.91,37.450001,37.73,1124300,36.83605
2012-12-17,37.209999,37.459999,36.939999,37.439999,940800,36.552921
2012-12-14,37.380001,37.490002,37.18,37.32,896400,36.435765
2012-12-13,37.740002,37.93,37.43,37.470001,978600,36.582212
2012-12-12,37.709999,38.00,37.610001,37.75,914400,36.855577
2012-12-11,38.209999,38.209999,37.52,37.52,1255100,36.631027
2012-12-10,37.849998,38.09,37.66,38.02,1015800,37.11918
2012-12-07,37.619999,37.73,37.110001,37.73,735800,36.83605
2012-12-06,37.740002,37.759998,37.400002,37.540001,1016600,36.650554
2012-12-05,37.360001,37.849998,37.110001,37.709999,974800,36.816524
2012-12-04,37.27,37.52,36.990002,37.290001,774500,36.347899
2012-12-03,37.50,37.68,37.150002,37.330002,1026100,36.386889
2012-11-30,37.23,37.380001,36.950001,37.330002,1038100,36.386889
2012-11-29,37.25,37.27,36.720001,37.150002,767900,36.211436
2012-11-28,36.400002,37.049999,36.360001,37.049999,724200,36.113961
2012-11-27,37.110001,37.189999,36.619999,36.650002,927000,35.724068
2012-11-26,36.889999,37.400002,36.650002,37.25,806600,36.308908
2012-11-23,36.959999,37.389999,36.84,37.259998,356800,36.318654
2012-11-21,36.790001,36.91,36.549999,36.73,546700,35.802045
2012-11-20,36.279999,36.799999,35.900002,36.75,1230000,35.821541
2012-11-19,35.59,36.32,35.419998,36.310001,1028800,35.392658
2012-11-16,35.02,35.310001,34.66,35.25,876100,34.359437
2012-11-15,35.450001,35.740002,34.849998,35.02,998600,34.135248
2012-11-14,36.029999,36.310001,35.419998,35.59,1328600,34.690847
2012-11-13,35.810001,36.299999,35.759998,36.009998,579900,35.100234
2012-11-12,36.139999,36.27,36.02,36.060001,348000,35.148974
2012-11-09,35.799999,36.290001,35.799999,36.040001,868600,35.129479
2012-11-08,36.060001,36.360001,36.00,36.009998,1317000,35.100234
2012-11-07,35.950001,36.439999,35.68,36.099998,1079900,35.187961
2012-11-06,36.810001,36.84,36.490002,36.580002,1120900,35.655837
2012-11-05,36.599998,36.740002,36.299999,36.66,1161300,35.733814
2012-11-02,37.310001,37.310001,36.529999,36.599998,1150400,35.675329
2012-11-01,35.549999,37.34,35.439999,37.110001,1908000,36.172446
2012-10-31,35.75,36.00,35.189999,35.549999,1287000,34.651857
2012-10-26,35.549999,35.900002,35.50,35.82,1049200,34.915036
2012-10-25,35.380001,35.650002,35.27,35.50,933900,34.603121
2012-10-24,34.84,35.34,34.75,35.290001,1378800,34.398427
2012-10-23,33.639999,34.700001,32.669998,34.639999,1603500,33.764847
2012-10-22,33.98,34.299999,33.59,33.950001,1320500,33.092281
2012-10-19,35.220001,35.25,33.959999,34.040001,1621100,33.180007
2012-10-18,35.470001,35.549999,35.130001,35.369999,1515300,34.476404
2012-10-17,35.439999,35.669998,35.34,35.549999,863200,34.651857
2012-10-16,34.98,35.48,34.93,35.439999,790000,34.544635
2012-10-15,34.220001,34.860001,34.09,34.82,674100,33.9403
2012-10-12,34.439999,34.490002,33.970001,34.110001,936300,33.248239
2012-10-11,34.990002,35.029999,34.459999,34.580002,763600,33.706366
2012-10-10,34.759998,34.799999,34.43,34.630001,811800,33.755102
2012-10-09,35.139999,35.189999,34.540001,34.82,964100,33.9403
2012-10-08,34.970001,35.259998,34.799999,35.189999,996000,34.300951
2012-10-05,35.689999,35.84,35.00,35.09,1790300,34.203479
2012-10-04,34.00,35.540001,33.779999,35.52,2377800,34.622616
2012-10-03,34.639999,34.700001,33.75,33.990002,1819300,33.131271
2012-10-02,34.799999,34.860001,34.130001,34.57,1337800,33.696616
2012-10-01,35.470001,35.490002,34.389999,34.73,2597000,33.852574
2012-09-28,35.560001,35.700001,35.41,35.450001,2191800,34.554385
2012-09-27,35.43,35.779999,35.189999,35.779999,869800,34.876046
2012-09-26,35.419998,35.509998,35.080002,35.279999,1134800,34.388678
2012-09-25,35.669998,36.040001,35.290001,35.34,1709700,34.447163
2012-09-24,35.939999,36.00,35.419998,35.470001,1198300,34.57388
2012-09-21,36.439999,36.560001,36.110001,36.240002,1647100,35.324427
2012-09-20,35.849998,36.23,35.740002,36.220001,679000,35.304932
2012-09-19,35.810001,36.139999,35.75,36.049999,680600,35.139225
2012-09-18,35.740002,35.98,35.650002,35.880001,1299400,34.973521
2012-09-17,36.139999,36.139999,35.740002,35.849998,879800,34.944277
2012-09-14,35.75,36.189999,35.66,36.139999,1399400,35.226951
2012-09-13,35.459999,35.73,34.990002,35.529999,507500,34.632362
2012-09-12,35.32,35.540001,35.139999,35.450001,801900,34.554385
2012-09-11,35.450001,35.68,35.139999,35.220001,914600,34.271712
2012-09-10,35.380001,35.66,35.259998,35.48,674800,34.52471
2012-09-07,35.389999,35.709999,35.200001,35.48,1408700,34.52471
2012-09-06,34.459999,35.23,34.380001,35.23,1348600,34.281441
2012-09-05,34.560001,34.580002,33.970001,34.110001,1311200,33.191598
2012-09-04,34.389999,34.639999,33.830002,34.50,1207200,33.571097
2012-08-31,34.43,34.75,33.900002,34.310001,1159900,33.386214
2012-08-30,34.32,34.419998,33.939999,34.189999,963900,33.269442
2012-08-29,34.41,34.630001,34.34,34.50,1086100,33.571097
2012-08-28,34.419998,34.639999,34.110001,34.41,1105100,33.48352
2012-08-27,34.490002,34.68,34.380001,34.580002,1055000,33.648945
2012-08-24,34.169998,34.669998,34.049999,34.459999,901700,33.532173
2012-08-23,34.240002,34.50,34.169998,34.259998,835400,33.337557
2012-08-22,34.299999,34.52,34.189999,34.349998,902100,33.425134
2012-08-21,34.200001,34.689999,34.130001,34.470001,1311400,33.541906
2012-08-20,33.950001,34.200001,33.799999,34.169998,1420200,33.24998
2012-08-17,33.75,34.16,33.669998,34.099998,894100,33.181865
2012-08-16,33.200001,33.75,33.009998,33.689999,930800,32.782905
2012-08-15,32.619999,33.150002,32.560001,33.119999,972000,32.228252
2012-08-14,32.82,33.049999,32.59,32.709999,648600,31.829291
2012-08-13,32.419998,32.619999,32.169998,32.580002,771800,31.702794
2012-08-10,32.00,32.59,31.860001,32.549999,817200,31.673599
2012-08-09,32.310001,32.509998,32.07,32.209999,897700,31.342754
2012-08-08,31.99,32.330002,31.75,32.25,1382400,31.381677
2012-08-07,31.690001,32.41,31.469999,32.200001,1551100,31.333024
2012-08-06,31.360001,31.620001,31.309999,31.42,909100,30.574025
2012-08-03,30.969999,31.379999,30.809999,31.17,864300,30.330756
2012-08-02,30.35,30.709999,30.209999,30.40,858200,29.581488
2012-08-01,31.25,31.379999,30.530001,30.559999,1159100,29.73718
2012-07-31,30.940001,31.24,30.73,31.00,1278000,30.165333
2012-07-30,31.76,31.799999,30.940001,31.030001,1344700,30.194526
2012-07-27,31.02,31.950001,30.780001,31.690001,1438100,30.836756
2012-07-26,31.50,31.950001,30.73,30.74,2798600,29.912334
2012-07-25,31.65,32.099998,31.00,31.09,2109600,30.25291
2012-07-24,32.16,32.869999,29.860001,31.49,5295400,30.64214
2012-07-23,33.130001,33.650002,33.00,33.32,993300,32.422868
2012-07-20,33.889999,34.209999,33.790001,33.790001,574700,32.880214
2012-07-19,34.310001,34.509998,34.110001,34.240002,602100,33.318099
2012-07-18,33.189999,34.23,33.18,34.119999,897400,33.201327
2012-07-17,33.41,33.540001,32.98,33.330002,735300,32.432601
2012-07-16,33.09,33.349998,32.849998,33.209999,919000,32.315829
2012-07-13,32.93,33.529999,32.830002,33.25,1354700,32.354753
2012-07-12,32.900002,32.990002,32.299999,32.73,1165700,31.848753
2012-07-11,33.34,33.48,32.830002,33.07,1053500,32.179599
2012-07-10,33.84,34.00,33.09,33.330002,1123700,32.432601
2012-07-09,33.790001,33.950001,33.330002,33.66,788700,32.753713
2012-07-06,34.009998,34.16,33.529999,33.91,917800,32.996982
2012-07-05,33.869999,34.52,33.790001,34.380001,924200,33.454329
2012-07-03,33.529999,34.189999,33.509998,34.119999,728900,33.201327
2012-07-02,33.32,33.669998,33.009998,33.509998,1114000,32.607751
2012-06-29,49.050001,49.909996,48.979998,49.909996,2235400,32.377455
2012-06-28,48.810001,48.949997,47.380005,48.040003,2320600,31.164359
2012-06-27,49.249992,49.800001,49.249992,49.350002,1081000,32.014178
2012-06-26,49.099995,49.669996,48.570002,49.469999,2050500,32.092022
2012-06-25,49.620003,49.690006,48.719999,49.060003,1827700,31.826051
2012-06-22,50.239992,50.629995,49.930006,50.310001,1701100,32.636945
2012-06-21,52.009993,52.210007,50.290003,50.429998,1114500,32.71479
2012-06-20,52.409998,52.540003,51.769993,52.009993,939400,33.739758
2012-06-19,52.129995,52.810003,51.880005,52.480007,893800,34.044665
2012-06-18,51.090002,51.889996,50.860004,51.820004,965100,33.616509
2012-06-15,50.980007,51.640005,50.590004,51.419998,1251700,33.357019
2012-06-14,50.629995,51.280003,50.359995,50.740007,1335900,32.915898
2012-06-13,51.709997,51.829994,50.299994,50.440006,1786600,32.721282
2012-06-12,51.439997,52.02,50.920006,51.979998,1230300,33.661915
2012-06-11,52.570004,52.74,51.060001,51.109995,1310800,33.098506
2012-06-08,51.250008,51.870003,50.659996,51.870003,1268500,33.590683
2012-06-07,51.760008,51.899998,51.300001,51.379995,1647600,33.273357
2012-06-06,49.74,51.00,49.609995,51.00,1641900,33.027274
2012-06-05,48.439997,49.300003,48.349995,49.189997,892800,31.855128
2012-06-04,48.719999,49.330004,47.939999,48.739992,1465200,31.563708
2012-06-01,49.789993,50.089994,48.559994,48.719999,1520200,31.550761
2012-05-31,50.299994,50.950006,49.969997,50.710007,2324400,32.839477
2012-05-30,49.579994,50.550001,49.360004,50.389996,1648300,32.63224
2012-05-29,49.750008,50.479998,49.720007,50.350004,1125000,32.606341
2012-05-25,49.609995,49.639996,49.050001,49.219997,564900,31.874556
2012-05-24,49.609995,49.800001,49.050001,49.660006,873400,32.159503
2012-05-23,48.709997,49.639996,48.190006,49.600004,1036500,32.120646
2012-05-22,48.99,49.560001,48.75,49.180006,1414600,31.848658
2012-05-21,48.589994,49.189997,48.250008,48.99,1690000,31.725611
2012-05-18,48.319994,48.949997,48.019993,48.300001,1963200,31.278772
2012-05-17,49.379997,49.379997,48.100004,48.179998,1919800,31.201059
2012-05-16,49.74,50.080004,49.360004,49.429996,1128400,32.01055
2012-05-15,49.830002,50.070002,49.270002,49.489992,1022400,32.049403
2012-05-14,49.800001,50.280001,49.300003,49.759993,613500,32.224254
2012-05-11,49.709999,50.710007,49.709999,50.280001,721000,32.561008
2012-05-10,50.550001,50.790001,49.919998,50.179996,854400,32.496245
2012-05-09,50.299994,50.49,49.699997,50.159998,808800,32.483295
2012-05-08,49.690006,50.929996,49.309994,50.879997,1587000,32.949561
2012-05-07,49.949999,50.159998,49.780003,50.040001,1342300,32.405585
2012-05-04,50.299994,50.299994,49.439999,50.140005,1159200,32.470347
2012-05-03,51.060001,51.130005,50.329994,50.530003,911700,32.722907
2012-05-02,50.530003,51.179998,50.320004,51.130005,1027800,33.111465
2012-05-01,50.749992,52.000008,50.340002,51.070004,2020300,33.072608
2012-04-30,50.530003,50.659996,50.029993,50.329994,1351500,32.593383
2012-04-27,50.110004,50.879997,49.560001,50.620005,1378300,32.781192
2012-04-26,48.979998,50.73,48.349995,50.140005,1694700,32.470347
2012-04-25,49.030003,49.409998,48.760008,49.219997,1222300,31.874556
2012-04-24,48.389997,48.520002,47.939999,48.51,801100,31.414767
2012-04-23,48.24,48.379995,47.539996,48.360003,952800,31.317629
2012-04-20,49.169998,49.540003,48.899998,48.99,713200,31.725611
2012-04-19,48.919996,49.459997,48.370005,48.810001,1563400,31.609045
2012-04-18,48.629997,49.050001,48.389997,49.030003,902800,31.751517
2012-04-17,48.220007,49.249992,47.980004,48.840002,1041600,31.628474
2012-04-16,47.890005,47.989995,47.410006,47.64,1491300,30.85136
2012-04-13,48.019993,48.300001,47.560006,47.650005,664200,30.857839
2012-04-12,47.440006,48.520002,47.339999,48.250008,600300,31.246397
2012-04-11,47.470004,47.52,47.089994,47.419996,547500,30.708887
2012-04-10,47.64,47.64,46.780005,47.01,1384900,30.443376
2012-04-09,47.650005,47.910001,47.170006,47.680006,852900,30.877268
2012-04-05,48.209999,48.449999,48.109995,48.349995,555300,31.311148
2012-04-04,48.739992,48.739992,47.890005,48.439997,586000,31.369433
2012-04-03,49.039993,49.189997,48.649996,49.159996,1235400,31.8357
2012-04-02,48.379995,49.379997,48.220007,49.009993,1054600,31.738558
2012-03-30,48.559994,48.859995,48.330002,48.51,1330200,31.414767
2012-03-29,47.920006,48.370005,47.179994,48.340004,1639900,31.304678
2012-03-28,48.600002,48.600002,47.380005,48.209999,953200,31.220488
2012-03-27,48.490007,48.99,48.109995,48.580004,1244500,31.4601
2012-03-26,48.250008,48.580004,48.040003,48.520002,633600,31.421244
2012-03-23,47.680006,47.920006,47.189999,47.76,403300,30.929071
2012-03-22,47.76,47.890005,47.020005,47.680006,709200,30.877268
2012-03-21,48.319994,48.439997,47.830004,48.209999,582900,31.220488
2012-03-20,48.190006,48.379995,47.860004,48.130005,611700,31.168684
2012-03-19,48.570002,48.910006,48.120003,48.600002,641100,31.473051
2012-03-16,48.760008,48.979998,48.589994,48.649996,1480300,31.505427
2012-03-15,48.870003,48.910006,48.540001,48.709997,1050100,31.544283
2012-03-14,48.870003,48.870003,48.419998,48.679996,790800,31.524855
2012-03-13,48.550003,48.929998,48.280003,48.929998,1122900,31.6479
2012-03-12,48.060001,48.27,47.749995,48.190006,676500,31.169273
2012-03-09,47.49,48.349995,47.329994,48.120003,955800,31.123995
2012-03-08,47.320006,47.650005,46.789996,47.509995,772500,30.729442
2012-03-07,46.630005,47.050006,46.570006,47.01,759600,30.406046
2012-03-06,46.650001,46.789996,45.99,46.489995,1186500,30.069707
2012-03-05,47.470004,47.479995,46.930006,47.37,629400,30.638893
2012-03-02,47.959994,48.310003,47.389996,47.49,630300,30.716509
2012-03-01,47.790001,48.370005,47.790001,48.130005,880300,31.130464
2012-02-29,47.839994,48.259993,47.599995,47.599995,1196100,30.787654
2012-02-28,47.819999,47.920006,47.359995,47.689994,1443700,30.845865
2012-02-27,47.770005,48.190006,47.160001,47.670001,1500100,30.832934
2012-02-24,48.460007,48.610004,48.130005,48.250008,727600,31.208082
2012-02-23,48.439997,48.520002,47.73,48.409996,623700,31.311562
2012-02-22,48.700006,48.810001,48.169996,48.360003,1074600,31.279227
2012-02-21,48.700006,48.979998,48.48,48.629997,717900,31.453859
2012-02-17,49.249992,49.709999,48.389997,48.730007,946600,31.518545
2012-02-16,48.049994,49.300003,48.00,49.080002,847800,31.744922
2012-02-15,48.850004,48.880005,47.740005,47.950004,897600,31.01404
2012-02-14,48.040003,48.610004,47.950004,48.600002,739500,31.434458
2012-02-13,48.51,48.589994,47.599995,48.400005,601200,31.3051
2012-02-10,47.899996,48.070004,47.500005,47.770005,543000,30.897617
2012-02-09,48.490007,48.649996,47.830004,48.520002,779700,31.382714
2012-02-08,48.310003,48.619995,47.819999,48.190006,501900,31.169273
2012-02-07,47.989995,48.610004,47.740005,48.259993,861300,31.21454
2012-02-06,47.969999,48.430006,47.839994,48.220007,671200,31.188678
2012-02-03,48.149998,48.51,47.929994,48.199997,1205200,31.175735
2012-02-02,48.169996,48.229998,47.25,47.299996,982000,30.593615
2012-02-01,47.560006,48.220007,47.320006,48.179998,1540600,31.1628
2012-01-31,47.350004,47.400001,46.680001,46.999995,1362000,30.399575
2012-01-30,46.26,47.25,46.02,47.089994,1129300,30.457786
2012-01-27,46.759995,47.339999,46.50,46.549996,1027200,30.108516
2012-01-26,46.330004,47.749995,45.040006,47.069999,1505800,30.444853
2012-01-25,46.290001,46.999995,46.189994,46.829999,1140000,30.289621
2012-01-24,45.760005,46.450004,45.51,46.319999,1018800,29.959753
2012-01-23,45.709994,46.369995,45.550006,46.099995,875500,29.817455
2012-01-20,45.99,46.14,45.580004,45.670006,909300,29.539338
2012-01-19,45.319994,46.680001,45.180001,46.14,1423900,29.84333
2012-01-18,45.529996,45.580004,44.980004,45.24,2261500,29.26121
2012-01-17,46.349999,46.750005,45.490005,45.499995,1392400,29.429375
2012-01-13,45.220004,46.079999,44.910001,46.02,1475200,29.765714
2012-01-12,44.969999,45.87,44.590004,45.719999,1204000,29.571674
2012-01-11,43.960004,44.459999,43.879995,44.320006,865200,28.666159
2012-01-10,43.589999,44.13,43.450004,44.029996,935400,28.47858
2012-01-09,43.270005,43.360004,42.919996,43.030005,897100,27.831787
2012-01-06,43.420006,43.560001,42.940006,43.02,613000,27.825316
2012-01-05,42.51,43.680001,42.019996,43.540006,938400,28.161655
2012-01-04,41.950004,42.930001,41.890005,42.829994,687900,27.70242
2012-01-03,43.309994,43.38,41.910001,42.250005,956200,27.327283
2011-12-30,41.860004,42.280005,41.710004,42.100004,1035300,27.230263
2011-12-29,41.49,41.890005,41.299996,41.779996,641700,27.023281
2011-12-28,42.319994,42.370005,41.189999,41.280001,542800,26.699885
2011-12-27,41.980004,42.649996,41.890005,42.439994,414100,27.450168
2011-12-23,41.899996,42.160006,41.680006,42.040006,332800,27.191456
2011-12-22,41.099999,41.779996,40.879995,41.740005,916600,26.997415
2011-12-21,40.800001,41.080004,40.079999,41.069999,803700,26.564056
2011-12-20,40.630005,41.099999,40.410001,41.020005,1592700,26.53172
2011-12-19,40.849995,41.219999,39.580004,39.75,722200,25.710281
2011-12-16,40.469999,41.380005,40.240005,40.560001,2203200,26.23419
2011-12-15,40.399996,40.420006,39.420001,40.11,1207500,25.943129
2011-12-14,41.01,41.200004,39.799996,39.99,889800,25.865513
2011-12-13,42.259995,42.439994,40.609995,41.020005,685000,26.53172
2011-12-12,42.190006,42.289996,41.260005,41.830004,664900,27.055627
2011-12-09,41.61,42.910006,41.339999,42.810001,636700,27.689489
2011-12-08,42.12,42.400005,41.189999,41.299996,667000,26.712818
2011-12-07,42.439994,42.780001,41.650005,42.619995,421200,27.566593
2011-12-06,42.979995,43.180006,42.460004,42.859995,473400,27.721824
2011-12-05,43.240005,43.729995,42.670006,43.030005,754500,27.792978
2011-12-02,43.030005,43.439999,42.559994,42.619995,906400,27.528154
2011-12-01,42.610004,42.970004,42.27,42.36,712600,27.360223
2011-11-30,42.079994,43.129995,41.809994,42.839999,1585600,27.670254
2011-11-29,40.219995,41.089994,39.930001,40.469999,1330500,26.139477
2011-11-28,39.340004,40.270005,39.019996,40.120005,926400,25.913416
2011-11-25,38.029996,38.509995,37.840004,37.879995,400900,24.466599
2011-11-23,38.920006,39.079994,38.170006,38.260005,680400,24.712046
2011-11-22,39.709994,40.150005,39.180001,39.490005,453100,25.5065
2011-11-21,39.589994,40.120005,39.27,39.880005,803500,25.758401
2011-11-18,40.750005,40.789996,40.300006,40.339994,568300,26.055507
2011-11-17,41.069999,41.350004,40.069994,40.38,607300,26.081346
2011-11-16,41.670001,42.259995,41.219999,41.25,620100,26.643277
2011-11-15,41.119995,42.540001,41.01,42.280005,742800,27.308555
2011-11-14,41.659996,41.779996,41.020005,41.290006,754800,26.669117
2011-11-11,41.069999,42.109995,40.960004,41.910001,1202200,27.06957
2011-11-10,40.14,40.650001,39.529996,40.469999,1442200,26.139477
2011-11-09,40.240005,40.349999,39.169996,39.460004,610800,25.487123
2011-11-08,40.999995,41.419996,40.540006,41.359995,1194100,26.714323
2011-11-07,40.609995,40.74,39.670006,40.650001,869400,26.255739
2011-11-04,40.969995,41.029996,40.339994,40.789996,791400,26.346162
2011-11-03,39.910006,41.500005,39.430006,41.25,1750600,26.643277
2011-11-02,38.699999,39.490005,38.49,39.220004,996900,25.332108
2011-11-01,37.579994,39.109995,37.459994,38.01,1267000,24.550569
2011-10-31,40.330004,40.420006,39.48,39.520005,876100,25.525878
2011-10-28,41.089994,41.290006,40.709999,40.990005,901300,26.475347
2011-10-27,40.530001,41.590004,40.23,41.069999,1093900,26.527015
2011-10-26,39.550006,39.559994,37.789996,38.849999,865200,25.093122
2011-10-25,39.250005,39.87,37.829999,38.830004,1482300,25.080207
2011-10-24,38.710004,40.099995,38.569994,39.940006,1375200,25.797155
2011-10-21,38.230004,38.470004,37.759995,38.449994,566500,24.83476
2011-10-20,37.609995,38.029996,36.880005,37.669996,616800,24.330961
2011-10-19,38.209994,38.550001,37.50,37.62,753300,24.298669
2011-10-18,37.210004,38.670001,36.640005,38.470004,900700,24.847684
2011-10-17,37.999995,38.13,36.910006,37.030005,766300,23.917593
2011-10-14,38.170006,38.239995,37.199999,38.160001,1197400,24.647454
2011-10-13,37.339994,37.669996,36.910006,37.50,1208200,24.221161
2011-10-12,37.349999,38.170006,37.249995,37.650001,1347000,24.318046
2011-10-11,36.660001,37.249995,36.48,36.900001,749500,23.833623
2011-10-10,36.24,36.900001,35.980004,36.900001,795600,23.833623
2011-10-07,36.259995,36.259995,35.140005,35.459999,1338600,22.903529
2011-10-06,35.080004,36.220004,34.709999,36.209999,1092400,23.387952
2011-10-05,33.940006,35.299996,33.48,35.099999,1707900,22.671006
2011-10-04,31.009995,33.87,30.87,33.760005,2250000,21.805507
2011-10-03,32.61,33.329999,31.349999,31.429994,2564800,20.300558
2011-09-30,33.790006,34.009995,32.959994,32.969999,3436600,21.295244
2011-09-29,35.119995,35.470004,33.689999,34.429994,1771500,22.238251
2011-09-28,35.64,35.790001,34.199999,34.23,1700800,22.109075
2011-09-27,36.109995,36.280005,35.069999,35.380005,1638600,22.851861
2011-09-26,33.079994,35.590004,32.839994,35.52,2100700,22.942284
2011-09-23,33.430006,33.75,32.670001,32.920006,2421100,21.262954
2011-09-22,34.609995,34.690006,32.950004,33.520005,1866400,21.650492
2011-09-21,37.159996,37.469999,35.830004,35.839994,1004800,23.148967
2011-09-20,38.37,38.550001,37.199999,37.199999,1185700,24.027391
2011-09-19,37.530001,38.440006,37.120005,38.179994,754300,24.660367
2011-09-16,38.550001,39.079994,38.280001,38.440006,1301200,24.828309
2011-09-15,38.52,38.920006,38.140005,38.849999,1116400,25.093122
2011-09-14,37.589999,38.629995,36.520005,38.170006,1060900,24.653916
2011-09-13,36.250005,37.330004,35.920006,37.219995,1517200,24.001552
2011-09-12,35.620005,36.089999,35.110004,35.989995,1494900,23.208379
2011-09-09,37.390005,37.600004,36.130005,36.379995,1390000,23.459873
2011-09-08,37.570006,38.050006,37.459994,37.879995,1724700,24.427158
2011-09-07,37.609995,38.050006,37.439999,37.939994,649200,24.465848
2011-09-06,35.419996,37.240005,35.410006,36.889996,1305700,23.78875
2011-09-02,37.120005,37.690006,36.430006,36.689999,678300,23.659781
2011-09-01,39.079994,39.490005,38.179994,38.310001,898200,24.70445
2011-08-31,39.27,40.099995,38.590004,39.079994,1067200,25.200985
2011-08-30,37.879995,39.319994,37.800001,39.019996,1261200,25.162294
2011-08-29,37.309994,38.280001,37.309994,38.189999,1038300,24.627066
2011-08-26,35.809994,37.199999,35.260005,36.900001,1162300,23.795202
2011-08-25,37.290001,37.579994,35.910001,36.139996,969600,23.305108
2011-08-24,36.780001,37.50,36.550006,36.940006,1922400,23.821
2011-08-23,35.470004,36.889996,35.059994,36.880005,607800,23.782308
2011-08-22,35.890005,36.130005,34.86,35.219999,1135600,22.711842
2011-08-19,34.780005,36.150001,34.729995,34.870005,1002000,22.486146
2011-08-18,36.689999,36.769996,35.080004,35.410006,891100,22.834369
2011-08-17,38.449994,38.699999,37.510005,37.89,763500,24.43361
2011-08-16,38.400001,38.680006,37.819994,38.189999,1050900,24.627066
2011-08-15,38.539996,39.00,38.280001,38.849999,903400,25.052671
2011-08-12,38.13,38.470004,37.439999,38.269996,1746000,24.678652
2011-08-11,35.620005,38.430001,35.470004,37.949999,1270500,24.4723
2011-08-10,35.809994,36.379995,35.269996,35.419996,2758200,22.840812
2011-08-09,34.469999,36.919996,33.610004,36.880005,3137800,23.782308
2011-08-08,35.479995,36.300001,33.730004,33.739995,2371300,21.757452
2011-08-05,38.819999,38.88,36.329999,37.039996,2747100,23.885479
2011-08-04,40.159996,40.339994,38.209994,38.239995,1323000,24.659306
2011-08-03,40.680001,40.930006,39.719999,40.870005,1308000,26.355285
2011-08-02,41.959994,42.540001,40.609995,40.669996,1990800,26.226308
2011-08-01,43.000005,43.150005,42.00,42.48,894900,27.3935
2011-07-29,42.199994,42.850004,41.800006,42.499995,1058500,27.406394
2011-07-28,43.699994,43.810006,42.709994,42.739995,958500,27.56116
2011-07-27,45.610004,46.009995,43.489995,43.669996,1223400,28.160877
2011-07-26,43.999995,46.249995,43.660006,45.150001,1775200,29.115267
2011-07-25,44.059994,45.289996,43.74,45.109995,1492900,29.08947
2011-07-22,44.650005,44.860004,44.389996,44.61,582700,28.767044
2011-07-21,44.13,44.860004,43.969995,44.680006,764100,28.812188
2011-07-20,44.01,44.149996,43.519996,43.969995,563800,28.354333
2011-07-19,43.450004,43.960004,43.339994,43.849995,582000,28.27695
2011-07-18,43.690006,43.74,42.87,43.189994,751200,27.851345
2011-07-15,44.200004,44.25,43.390005,43.939994,872500,28.334987
2011-07-14,45.190006,45.190006,43.840004,44.020005,950400,28.386583
2011-07-13,44.740005,45.199994,44.509995,45.00,947200,29.018539
2011-07-12,44.470004,44.860004,44.029996,44.569994,1072500,28.741246
2011-07-11,45.070006,45.529996,44.49,44.569994,1175200,28.741246
2011-07-08,45.580004,45.769996,45.150001,45.640005,786600,29.43125
2011-07-07,46.249995,46.589999,46.030005,46.150005,963300,29.760127
2011-07-06,45.559994,45.99,45.24,45.99,857400,29.656946
2011-07-05,45.449999,45.75,45.329999,45.610004,795700,29.411904
2011-07-01,45.139996,45.709994,44.980004,45.63,1411000,29.424798
2011-06-30,44.599995,45.180001,44.320006,44.899996,1648600,28.95405
2011-06-29,43.750005,44.52,43.159996,44.500005,1268700,28.696113
2011-06-28,42.490005,43.630005,42.310006,43.530001,729900,28.0706
2011-06-27,42.27,42.640005,41.699999,42.36,951900,27.316117
2011-06-24,43.11,43.270005,42.430006,42.520005,853000,27.419298
2011-06-23,42.130005,43.129995,41.470004,43.02,1324300,27.741723
2011-06-22,42.319994,43.199999,42.27,42.75,1107700,27.567612
2011-06-21,41.599995,42.760005,41.400001,42.490005,911700,27.399952
2011-06-20,40.789996,41.320006,40.639996,41.269996,890400,26.613221
2011-06-17,41.350004,41.579999,40.800001,40.900005,1573900,26.374631
2011-06-16,41.509995,41.64,40.540006,40.98,1149300,26.426216
2011-06-15,41.419996,41.76,41.280001,41.509995,1134600,26.767987
2011-06-14,41.579999,42.040006,41.470004,41.849999,746200,26.987241
2011-06-13,41.52,41.779996,41.099999,41.160001,1027300,26.5036
2011-06-10,41.849999,41.88,41.320006,41.550001,776800,26.754727
2011-06-09,41.869995,42.220004,41.539996,42.060001,727600,27.083125
2011-06-08,42.220004,42.229995,41.710004,41.790001,810600,26.909267
2011-06-07,42.190006,42.829994,41.939999,42.420001,1307700,27.314935
2011-06-06,42.139996,42.430006,41.790001,41.890005,1046200,26.973662
2011-06-03,41.809994,42.850004,41.740005,42.329999,1565800,27.256981
2011-06-02,42.060001,42.679994,42.040006,42.559994,972600,27.405078
2011-06-01,43.309994,43.579994,42.060001,42.079994,1417900,27.095999
2011-05-31,43.099995,43.50,42.739995,43.489995,1497600,28.003921
2011-05-27,42.300001,43.050001,42.030001,42.649996,608800,27.463032
2011-05-26,42.049996,42.51,41.88,42.409996,1003000,27.308492
2011-05-25,40.690006,42.370005,40.38,42.329999,1765600,27.256981
2011-05-24,42.079994,42.229995,40.909996,40.999995,1230300,26.40057
2011-05-23,41.929994,42.12,41.339999,41.980004,691600,27.031614
2011-05-20,43.030005,43.11,42.379995,42.610004,518400,27.437281
2011-05-19,43.199999,43.660006,42.880005,43.11,613200,27.759236
2011-05-18,42.040006,43.14,41.899996,43.050001,693900,27.720602
2011-05-17,42.580004,42.649996,41.790001,42.169996,1229200,27.153953
2011-05-16,43.309994,43.709999,42.839999,42.880005,1177800,27.611139
2011-05-13,44.059994,44.350004,43.410001,43.570006,795900,28.055442
2011-05-12,43.909996,44.329994,43.330004,44.089994,994500,28.390271
2011-05-11,45.00,45.250005,43.810006,44.040001,980200,28.358079
2011-05-10,44.779996,45.130005,44.61,44.939999,2399700,28.937603
2011-05-09,44.380005,45.00,44.380005,44.73,852400,28.802381
2011-05-06,44.579999,44.88,44.440006,44.620005,1170100,28.731553
2011-05-05,43.89,44.770005,43.74,43.999995,935400,28.332319
2011-05-04,44.779996,44.88,43.680001,44.239995,1104300,28.486859
2011-05-03,45.379995,45.540001,44.530005,44.740005,1003900,28.808823
2011-05-02,46.050001,46.069994,45.439994,45.550006,967200,29.330396
2011-04-29,46.14,46.399996,45.900001,46.039996,1363500,29.645909
2011-04-28,46.26,46.62,45.340004,45.940006,968700,29.581524
2011-04-27,46.810006,46.999995,46.240005,46.759995,1804800,30.109528
2011-04-26,46.50,46.990005,46.369995,46.77,995200,30.115971
2011-04-25,45.760005,46.319999,45.490005,46.180006,1148500,29.736064
2011-04-21,45.850004,46.339994,45.649996,46.219995,639700,29.761813
2011-04-20,45.089999,45.670006,44.899996,45.589994,1076400,29.356145
2011-04-19,44.189999,44.479995,43.669996,44.440006,1281700,28.615649
2011-04-18,44.430001,45.049996,43.62,44.059994,1173400,28.370953
2011-04-15,44.699999,45.259995,43.840004,44.790001,5016400,28.841017
2011-04-14,42.439994,42.529996,42.019996,42.340004,923700,27.263423
2011-04-13,42.48,42.959999,42.439994,42.810001,675100,27.566062
2011-04-12,42.589994,42.589994,42.040006,42.329999,603600,27.256981
2011-04-11,43.38,43.560001,42.610004,42.839999,709000,27.585378
2011-04-08,44.310001,44.37,43.069994,43.38,692500,27.933094
2011-04-07,44.550001,44.670001,43.680001,44.080004,926800,28.383838
2011-04-06,44.500005,44.790001,44.020005,44.620005,691800,28.731553
2011-04-05,44.530005,44.659996,44.209994,44.239995,648700,28.486859
2011-04-04,44.61,44.659996,44.13,44.620005,610800,28.731553
2011-04-01,44.020005,44.650005,43.909996,44.620005,1186900,28.731553
2011-03-31,43.26,43.870005,42.949994,43.870005,898500,28.248616
2011-03-30,43.159996,43.330004,42.880005,43.300006,453600,27.881584
2011-03-29,42.229995,42.979995,41.910001,42.919996,484500,27.63689
2011-03-28,42.610004,42.689999,42.160006,42.289996,565300,27.231222
2011-03-25,42.349995,43.02,42.089999,42.660001,536400,27.469474
2011-03-24,42.089999,42.36,41.500005,42.27,546900,27.218347
2011-03-23,41.61,42.010005,41.080004,41.839994,554700,26.941459
2011-03-22,42.24,42.349995,41.710004,41.740005,682200,26.877074
2011-03-21,41.560006,42.499995,41.509995,42.310006,580000,27.244107
2011-03-18,41.299996,41.539996,40.810006,40.990005,842400,26.394136
2011-03-17,40.89,41.170006,40.630005,40.750005,675400,26.239597
2011-03-16,40.530001,40.720004,40.030005,40.199999,1138300,25.885439
2011-03-15,39.979995,40.939994,39.150001,40.650001,1317000,26.175202
2011-03-14,41.449994,41.719995,40.62,40.949999,1040100,26.329741
2011-03-11,41.299996,42.280005,41.239995,41.989995,713200,26.998431
2011-03-10,42.220004,42.289996,41.219999,41.620005,728500,26.760537
2011-03-09,42.449999,42.949994,42.010005,42.799996,978000,27.51924
2011-03-08,42.089999,42.760005,41.740005,42.449999,507900,27.294201
2011-03-07,42.730004,42.930001,41.569994,41.969999,541800,26.985574
2011-03-04,43.099995,43.099995,41.980004,42.469995,607900,27.307058
2011-03-03,42.449999,43.480004,42.449999,43.079999,1015900,27.699274
2011-03-02,41.25,42.490005,41.25,42.100004,877500,27.069164
2011-03-01,42.180001,42.180001,41.040001,41.400001,769500,26.61908
2011-02-28,42.250005,42.400005,41.790001,41.950004,756900,26.972717
2011-02-25,41.470004,42.139996,41.389996,42.139996,981300,27.094877
2011-02-24,41.410006,41.73,40.930006,41.189999,1093000,26.484055
2011-02-23,41.670001,41.819999,40.699994,41.389996,1426500,26.612647
2011-02-22,42.610004,42.799996,41.629995,41.689994,935100,26.805538
2011-02-18,42.919996,43.159996,42.640005,43.120005,730000,27.724996
2011-02-17,42.859995,43.129995,42.780001,42.940006,556300,27.609262
2011-02-16,43.060006,43.420006,42.619995,42.919996,954300,27.596396
2011-02-15,43.199999,43.309994,42.660001,43.000005,667600,27.64784
2011-02-14,43.62,43.77,42.799996,43.450004,1057200,27.937177
2011-02-11,43.660006,43.930006,43.450004,43.709999,750000,28.104347
2011-02-10,42.370005,44.830004,42.259995,43.849995,2361900,28.19436
2011-02-09,42.839999,43.26,42.490005,42.670006,652500,27.435659
2011-02-08,42.040006,43.099995,42.040006,43.039996,1252800,27.673553
2011-02-07,41.779996,42.280005,41.770005,41.969999,680500,26.985574
2011-02-04,41.25,41.680006,41.110004,41.650005,590400,26.779827
2011-02-03,41.430001,41.470004,40.89,41.089994,1095700,26.419755
2011-02-02,41.670001,41.989995,41.359995,41.449994,842500,26.651225
2011-02-01,41.040001,41.950004,40.879995,41.849999,1341900,26.908417
2011-01-31,39.070006,40.98,39.019996,40.780005,1574400,26.22044
2011-01-28,40.170001,40.300006,38.710004,39.010005,1408600,25.082378
2011-01-27,41.089994,42.499995,39.850004,40.069994,1427500,25.763922
2011-01-26,40.77,40.999995,40.420006,40.77,999300,26.214007
2011-01-25,40.270005,40.549996,40.050001,40.549996,698100,26.072551
2011-01-24,40.300006,40.410001,39.780001,40.319999,942400,25.924668
2011-01-21,39.400005,41.189999,39.329999,40.420006,1537000,25.98897
2011-01-20,39.790006,39.910006,39.160006,39.370005,895000,25.313848
2011-01-19,40.86,41.089994,39.839999,39.940006,780000,25.680343
2011-01-18,40.189994,40.990005,40.030005,40.98,1343500,26.349031
2011-01-14,40.120005,40.469999,40.120005,40.330004,666000,25.931101
2011-01-13,40.039996,40.279996,39.810001,40.279996,1098100,25.898948
2011-01-12,39.589994,39.99,39.379995,39.970004,620500,25.699631
2011-01-11,39.180001,39.640005,39.139996,39.27,592200,25.249548
2011-01-10,39.040006,39.300001,38.380005,39.130005,1430200,25.159535
2011-01-07,39.439994,39.559994,38.800006,39.310006,824700,25.27527
2011-01-06,39.220004,39.51,39.049996,39.340004,570000,25.294558
2011-01-05,38.860004,39.569999,38.860004,39.310006,806800,25.27527
2011-01-04,39.670006,39.760005,38.680006,39.079994,765600,25.127379
2011-01-03,39.409996,40.000005,39.409996,39.660001,603300,25.500308
2010-12-31,39.310006,39.520005,39.190006,39.250005,498400,25.236691
2010-12-30,39.370005,39.709994,39.310006,39.319994,432400,25.281692
2010-12-29,39.589994,39.63,39.199994,39.469995,678100,25.378139
2010-12-28,39.349995,39.619995,39.180001,39.569999,796500,25.442439
2010-12-27,39.319994,39.469995,39.089999,39.319994,407700,25.281692
2010-12-23,39.259995,39.51,39.100004,39.409996,996400,25.339561
2010-12-22,40.459994,40.459994,39.27,39.300001,1390200,25.268838
2010-12-21,59.339991,59.919996,59.280008,59.850001,2525500,25.654621
2010-12-20,59.640007,59.84001,58.110007,59.240002,2123500,25.393146
2010-12-17,60.149992,60.399991,59.219999,59.219999,3719400,25.384572
2010-12-16,59.910009,60.529994,59.550005,60.450009,1630900,25.911814
2010-12-15,59.919996,60.959993,59.550005,59.739996,2041200,25.607467
2010-12-14,60.099996,60.230003,59.789992,60.050004,1649200,25.740352
2010-12-13,60.250006,60.659998,59.789992,60.02001,1702800,25.727495
2010-12-10,60.050004,60.20001,59.699995,60.079997,1271700,25.753208
2010-12-09,60.079997,60.149992,59.460008,59.780002,1216000,25.624616
2010-12-08,59.919996,60.219991,59.550005,59.649998,1159600,25.56889
2010-12-07,60.540007,60.689991,59.559996,59.890007,1609200,25.633191
2010-12-06,60.399991,60.740009,59.850001,59.910009,1784800,25.641752
2010-12-03,60.520004,60.880003,60.309989,60.549997,1890000,25.91567
2010-12-02,61.649999,61.870005,60.689991,60.889994,2218200,26.06119
2010-12-01,60.050004,62.009999,60.030001,61.800005,2076900,26.450679
2010-11-30,57.669996,59.690004,57.440004,59.170003,2503900,25.325026
2010-11-29,57.809994,58.13001,57.379995,58.099995,1048600,24.867058
2010-11-26,58.099995,58.720006,57.689999,58.200009,468000,24.909864
2010-11-24,56.780009,58.520003,56.720005,58.490009,2590200,25.033986
2010-11-23,56.589997,56.690011,56.119997,56.61,1023700,24.229333
2010-11-22,55.730003,56.940006,55.480004,56.819993,1075200,24.319211
2010-11-19,55.680007,55.88001,55.289992,55.799998,418600,23.882649
2010-11-18,55.309995,56.169989,55.309995,55.759997,982500,23.865528
2010-11-17,54.36,54.839991,54.130003,54.72999,580500,23.424681
2010-11-16,54.830004,54.929993,53.669994,54.29,801000,23.236363
2010-11-15,55.08999,55.52001,54.679994,55.140007,1033800,23.60017
2010-11-12,54.749993,55.399993,54.569993,54.839991,608500,23.471761
2010-11-11,55.619998,55.910003,54.810001,55.16001,1669900,23.608731
2010-11-10,56.360001,56.529988,55.840004,56.499999,822600,24.182253
2010-11-09,56.330011,56.600009,55.919994,56.259991,1250700,24.079528
2010-11-08,56.220006,56.54,55.950009,56.200004,1049100,24.053853
2010-11-05,56.119997,56.870011,56.119997,56.580006,717700,24.216496
2010-11-04,55.660004,56.360001,55.550004,56.290006,1251400,24.092374
2010-11-03,54.999992,55.34001,54.470005,55.050005,1088700,23.561649
2010-11-02,54.969998,55.320007,54.459988,54.929993,1045500,23.510283
2010-11-01,54.150006,55.500007,54.080011,54.600008,2546200,23.369048
2010-10-29,53.169996,54.150006,53.039992,54.049996,1718200,23.13364
2010-10-28,53.059995,53.300004,52.580004,53.230004,1343700,22.78268
2010-10-27,53.480003,53.480003,52.229991,52.800005,1871500,22.598639
2010-10-26,50.499992,54.200003,50.260005,53.64,4542700,22.95816
2010-10-25,50.130002,50.809995,50.130002,50.289999,1035100,21.524345
2010-10-22,50.060002,50.22999,49.549996,49.86999,904500,21.344579
2010-10-21,49.729996,50.350007,49.580011,50.179994,1077300,21.477262
2010-10-20,48.989994,49.709993,48.890001,49.619991,747400,21.237578
2010-10-19,48.919995,49.180006,48.379995,48.809994,1135300,20.890896
2010-10-18,49.200009,49.68,49.160003,49.619991,898200,21.237578
2010-10-15,49.659997,49.760011,48.780001,48.969991,1074700,20.959375
2010-10-14,49.79,49.889993,49.110007,49.200009,825000,21.057824
2010-10-13,49.169994,49.999994,49.020009,49.779988,1054900,21.306058
2010-10-12,48.519989,48.95001,47.929994,48.77001,1546600,20.873783
2010-10-11,48.33999,48.77001,48.140008,48.620004,627400,20.809579
2010-10-08,48.280007,48.41001,47.920003,48.240001,942400,20.646936
2010-10-07,48.640007,48.739995,47.920003,48.280007,703300,20.664059
2010-10-06,49.14,49.590002,48.210008,48.500008,1468300,20.758221
2010-10-05,48.249992,49.380009,48.190005,49.229998,1306000,21.07066
2010-10-04,47.870011,48.140008,47.439991,47.810002,1058100,20.462895
2010-10-01,47.920003,48.170002,47.319999,48.010005,1017100,20.548497
2010-09-30,47.690011,48.609992,47.690011,47.769997,2422900,20.445772
2010-09-29,47.369991,47.749994,47.169989,47.459993,849300,20.31309
2010-09-28,46.730003,47.870011,46.259999,47.679999,1834600,20.407253
2010-09-27,46.550004,47.000001,46.059996,46.619998,910000,19.953568
2010-09-24,45.920002,46.610012,45.920002,46.550004,763300,19.92361
2010-09-23,45.589996,46.239996,45.330006,45.350009,747000,19.410007
2010-09-22,46.259999,46.689998,45.560002,45.990001,696100,19.683926
2010-09-21,46.570006,46.770009,46.210007,46.439999,659800,19.876527
2010-09-20,46.100002,46.599996,45.990001,46.570006,788800,19.932171
2010-09-17,45.850007,46.239996,45.719999,46.010004,905400,19.692488
2010-09-16,45.819992,46.250008,45.769996,45.870006,726700,19.632568
2010-09-15,45.609999,46.050005,45.389993,45.999992,782700,19.688202
2010-09-14,45.479991,45.990001,45.36999,45.679994,1545900,19.551242
2010-09-13,45.36,45.800011,45.220006,45.679994,1495000,19.525557
2010-09-10,45.00,45.350009,44.919989,45.069999,991300,19.26482
2010-09-09,45.670003,45.679994,44.759992,44.860006,560200,19.17506
2010-09-08,44.799997,45.229996,44.779994,45.029994,743400,19.24772
2010-09-07,45.519997,45.519997,44.729998,44.790007,602200,19.145139
2010-09-03,45.069999,45.789999,45.069999,45.539999,971700,19.465718
2010-09-02,44.379989,44.700009,44.180008,44.669994,995800,19.093841
2010-09-01,43.719998,44.469991,43.510005,44.199989,1227700,18.892941
2010-08-31,42.579991,43.190011,42.320001,42.990008,1601100,18.375744
2010-08-30,43.499993,43.65999,42.720006,42.759991,499500,18.277425
2010-08-27,43.200002,43.83999,42.38001,43.730011,950400,18.692052
2010-08-26,42.680001,43.190011,42.579991,42.909997,1188000,18.341544
2010-08-25,42.050004,42.619997,41.73001,42.450009,622000,18.144925
2010-08-24,42.210001,42.790006,41.620005,42.38001,732600,18.115005
2010-08-23,43.220005,43.589991,42.770003,42.799996,385300,18.294525
2010-08-20,43.069994,43.269997,42.590003,43.11999,689500,18.431304
2010-08-19,43.920001,43.98001,43.150005,43.319993,561600,18.516793
2010-08-18,44.09001,44.289991,43.609993,44.120004,512700,18.858752
2010-08-17,43.76999,44.549998,43.719998,44.250007,773200,18.914321
2010-08-16,42.939991,43.519996,42.630009,43.370011,617500,18.538173
2010-08-13,43.429994,43.629996,43.179999,43.260006,903300,18.491152
2010-08-12,43.159996,43.740001,42.950003,43.420003,904900,18.559542
2010-08-11,44.419995,44.529995,43.47999,44.009999,1072800,18.811731
2010-08-10,45.36999,45.54999,44.869997,45.380002,666100,19.397328
2010-08-09,45.580005,46.08999,45.479991,46.01999,855600,19.670886
2010-08-06,44.889999,45.539999,44.45001,45.479991,1040800,19.440068
2010-08-05,44.779994,45.539999,44.419995,45.389993,990000,19.401599
2010-08-04,45.110001,45.470005,44.82,45.200003,767200,19.320389
2010-08-03,44.660003,45.029994,44.360012,44.770004,687700,19.136589
2010-08-02,45.00,45.00,44.619998,44.849994,1322200,19.17078
2010-07-30,43.76999,44.990009,43.420003,44.27001,757000,18.922871
2010-07-29,44.82,44.860006,43.760004,44.149993,1156000,18.87157
2010-07-28,44.759992,45.170009,44.430007,44.549998,951700,19.04255
2010-07-27,46.489995,46.489995,44.599995,44.770004,1796500,19.136589
2010-07-26,45.279988,46.210007,45.200003,46.100002,1440100,19.705086
2010-07-23,44.570001,45.36,43.969993,45.240008,2614600,19.337489
2010-07-22,44.489994,45.150006,44.369998,44.559989,1525900,19.04682
2010-07-21,44.309994,45.080011,43.820008,43.989996,2263200,18.803181
2010-07-20,41.780002,42.860001,41.530007,42.740009,622000,18.268884
2010-07-19,42.009998,42.38001,41.58999,42.279995,366900,18.072255
2010-07-16,42.939991,42.939991,41.759999,41.829998,753700,17.879907
2010-07-15,43.269997,43.330005,42.500001,43.080006,783000,18.414213
2010-07-14,43.11999,43.499993,42.990008,43.359999,783900,18.533894
2010-07-13,42.790006,43.319993,42.410003,43.260006,1118800,18.491152
2010-07-12,42.399991,42.500001,41.939999,42.329992,818500,18.093625
2010-07-09,41.919996,42.479998,41.879994,42.479998,813300,18.157744
2010-07-08,41.739996,42.090009,41.510004,41.84001,1616400,17.884186
2010-07-07,40.549996,41.40999,40.470006,41.40999,2051700,17.700377
2010-07-06,41.010006,41.379996,40.070001,40.369997,1041400,17.25584
2010-07-02,40.360006,40.740008,40.239989,40.520003,1241100,17.319959
2010-07-01,40.149991,40.340003,39.689999,40.099995,2210400,17.14043
2010-06-30,40.459994,40.779988,40.029995,40.149991,1562100,17.161801
2010-06-29,40.999994,41.030009,40.200009,40.490009,1467900,17.307139
2010-06-28,41.170003,41.690004,40.920008,41.440005,753400,17.713207
2010-06-25,41.260005,41.579999,40.86,41.289999,1225500,17.649088
2010-06-24,41.440005,41.620005,41.010006,41.069993,742200,17.555048
2010-06-23,41.769989,42.02001,41.240002,41.73001,577500,17.837167
2010-06-22,42.399991,42.840002,41.800004,41.800004,888900,17.867086
2010-06-21,42.869991,43.190011,42.210001,42.399991,442300,18.123546
2010-06-18,42.399991,42.689991,42.259997,42.479998,1394700,18.157744
2010-06-17,42.720006,42.790006,42.000007,42.369998,689800,18.110725
2010-06-16,41.960001,42.75,41.960001,42.399991,1440400,18.123546
2010-06-15,42.079997,42.329992,41.899993,42.309989,1993000,18.085075
2010-06-14,41.609993,42.039991,41.559996,41.699995,1291900,17.824338
2010-06-11,40.50,41.530007,40.419989,41.399999,862300,17.670458
2010-06-10,40.630003,41.030009,40.520003,40.929999,806800,17.469851
2010-06-09,39.879989,40.839997,39.750007,39.919995,979800,17.038758
2010-06-08,39.509999,39.910004,39.100007,39.739995,1315800,16.96193
2010-06-07,40.299997,40.299997,39.460007,39.519989,1293900,16.868027
2010-06-04,41.199996,41.359993,40.079992,40.169994,2042200,17.145464
2010-06-03,41.350007,42.030001,41.310001,41.919996,1135000,17.892404
2010-06-02,40.340003,41.550005,40.340003,41.530007,1145400,17.725948
2010-06-01,40.479997,41.249993,40.21,40.21,848400,17.162539
2010-05-28,41.280008,41.319992,40.439991,40.599988,1020700,17.328995
2010-05-27,40.760011,41.420002,40.479997,41.420002,1038600,17.678996
2010-05-26,40.529994,41.039999,39.939998,40.070001,1507200,17.102785
2010-05-25,39.730004,40.509991,38.940006,40.430001,1707300,17.256441
2010-05-24,40.560009,41.04999,40.470006,40.509991,1035000,17.290582
2010-05-21,40.090004,40.950002,40.090004,40.580011,2118600,17.320468
2010-05-20,40.490009,41.339991,40.349994,40.740008,2263900,17.388759
2010-05-19,42.250006,42.410003,41.039999,41.490001,1306800,17.708873
2010-05-18,43.530008,43.560001,42.419994,42.520004,949200,18.148501
2010-05-17,43.249994,43.440006,42.500001,43.11999,2117700,18.404589
2010-05-14,43.11,43.179999,42.349995,43.080006,1911700,18.387523
2010-05-13,43.359999,43.690005,43.209988,43.359999,710100,18.50703
2010-05-12,42.770003,43.499993,42.549997,43.469999,920700,18.553981
2010-05-11,42.149992,42.900006,42.090009,42.650012,1398300,18.203991
2010-05-10,41.130002,42.599994,40.819994,42.579991,1596100,18.174105
2010-05-07,40.639994,41.51999,40.040012,40.220012,2695200,17.166812
2010-05-06,41.780002,42.180007,38.000001,40.709993,2087200,17.375948
2010-05-05,42.709994,42.889994,41.890007,41.980004,1184400,17.918017
2010-05-04,43.640008,43.699996,42.659998,42.999999,1195600,18.353374
2010-05-03,43.589991,44.070007,43.560001,44.039992,782100,18.797267
2010-04-30,43.98001,44.100001,43.249994,43.249994,1000500,18.460078
2010-04-29,43.719998,44.189999,43.719998,44.070007,864000,18.810078
2010-04-28,44.379989,44.379989,43.429994,43.580004,1141200,18.600933
2010-04-27,43.949995,44.000008,43.029988,43.139993,1768200,18.413127
2010-04-26,43.550011,43.710008,43.190011,43.249994,1014000,18.460078
2010-04-23,43.020002,43.710008,42.849988,43.530008,925200,18.579594
2010-04-22,42.700004,43.229991,42.57,43.130002,1308700,18.408862
2010-04-21,42.810009,42.970006,41.769989,42.920009,3826800,18.319233
2010-04-20,41.809995,42.090009,41.629995,41.679992,1121100,17.789965
2010-04-19,41.800004,41.930008,41.379996,41.570008,916800,17.743022
2010-04-16,42.039991,42.369998,41.710007,41.789992,1143400,17.836916
2010-04-15,42.540007,42.540007,42.110012,42.140001,1119100,17.986308
2010-04-14,42.619997,42.669989,42.349995,42.560009,844800,18.165577
2010-04-13,42.38001,42.590003,42.239994,42.450009,609400,18.118626
2010-04-12,42.599994,42.599994,42.270009,42.479998,433800,18.131426
2010-04-09,42.399991,42.500001,42.160004,42.439997,632400,18.114352
2010-04-08,42.059994,42.360007,41.719993,42.360007,671100,18.080211
2010-04-07,42.290012,42.439997,41.829998,42.099996,753400,17.969232
2010-04-06,41.850001,42.320001,41.780002,42.239994,586500,18.028987
2010-04-05,41.859992,42.230003,41.780002,42.009998,602100,17.930819
2010-04-01,41.699995,42.299998,41.640007,41.870004,1021500,17.871066
2010-03-31,41.490001,41.84001,41.190006,41.460008,1576300,17.696071
2010-03-30,40.659997,41.58999,40.630003,41.499992,1746400,17.713137
2010-03-29,39.969991,40.650006,39.969991,40.650006,865500,17.350344
2010-03-26,39.669996,40.149991,39.649993,39.919995,1452300,17.038758
2010-03-25,40.14,40.310009,39.669996,39.669996,1717800,16.932053
2010-03-24,40.090004,40.32,40.000006,40.020009,1820400,17.081447
2010-03-23,39.930007,40.270004,39.689999,40.180006,1379800,17.149737
2010-03-22,39.240001,40.059989,39.240001,39.800004,1642500,16.987543
2010-03-19,39.519989,39.660009,39.199996,39.519989,1333300,16.868027
2010-03-18,39.699989,39.800004,39.289993,39.629994,1152000,16.91498
2010-03-17,39.77001,40.14,39.680008,39.710001,1151700,16.949129
2010-03-16,39.960001,40.049998,39.570007,39.789991,1462600,16.98327
2010-03-15,40.110007,40.279994,39.600001,39.939998,594000,17.047296
2010-03-12,40.110007,40.189997,39.719992,40.14,820300,17.107049
2010-03-11,39.660009,40.049998,39.489996,40.040012,1041900,17.064435
2010-03-10,39.640007,40.090004,39.559995,39.95001,1279500,17.026078
2010-03-09,39.719992,39.95001,39.660009,39.780001,617400,16.953623
2010-03-08,39.829997,40.000006,39.559995,39.730004,596800,16.932315
2010-03-05,39.939998,40.029995,39.739995,39.95001,989200,17.026078
2010-03-04,40.14,40.21,39.689999,39.879989,783900,16.996236
2010-03-03,39.960001,40.400012,39.750007,40.14,699700,17.107049
2010-03-02,39.509999,40.000006,39.449995,39.780001,652600,16.953623
2010-03-01,39.069992,39.849996,39.030008,39.550004,618700,16.855602
2010-02-26,38.920003,39.129996,38.650005,39.039999,1030200,16.638245
2010-02-25,37.550004,38.880002,37.460001,38.79999,1327200,16.535957
2010-02-24,38.330011,38.360001,38.049997,38.200004,770100,16.280252
2010-02-23,38.690011,38.920003,38.07,38.150012,578200,16.258946
2010-02-22,38.889988,38.999993,38.720005,38.870011,627000,16.565799
2010-02-19,38.25,38.870011,38.25,38.819993,743800,16.544482
2010-02-18,38.060009,38.400006,37.919994,38.369991,411400,16.352698
2010-02-17,38.079991,38.340002,37.70001,37.96,674500,16.177966
2010-02-16,37.869998,38.079991,37.770009,38.029994,794800,16.207797
2010-02-12,36.990001,37.660004,36.650004,37.649992,970200,16.045846
2010-02-11,36.719999,37.329998,36.630002,37.250008,737500,15.875379
2010-02-10,36.580005,37.140007,36.560002,36.699996,891000,15.640972
2010-02-09,36.589996,36.890008,36.429999,36.769996,972900,15.670805
2010-02-08,36.200003,36.679994,36.009991,36.279988,1080100,15.461971
2010-02-05,36.139994,36.36,35.64,36.29,1216500,15.466238
2010-02-04,36.850007,36.899999,36.159997,36.159997,1068900,15.410833
2010-02-03,37.109993,37.590009,36.920002,37.199995,715200,15.854064
2010-02-02,36.699996,37.460001,36.589996,37.289992,981000,15.89242
2010-02-01,36.630002,36.999992,36.580005,36.760005,869500,15.666547
2010-01-29,36.679994,37.430008,36.440011,36.440011,1729300,15.530171
2010-01-28,36.209993,36.569993,35.900009,36.459988,1163200,15.538685
2010-01-27,36.560002,36.740002,35.810009,36.200003,1091200,15.427883
2010-01-26,37.190004,37.199995,36.099988,36.659991,2155600,15.623923
2010-01-25,37.579997,37.599996,36.940005,37.129995,1804200,15.824231
2010-01-22,38.299996,38.360001,37.309995,37.370004,677700,15.926519
2010-01-21,38.240009,38.79999,37.979998,38.200004,827500,16.280252
2010-01-20,38.400006,38.560003,38.099994,38.319999,631000,16.331393
2010-01-19,38.529988,39.26999,38.490008,38.679999,718600,16.484819
2010-01-15,38.880002,39.089991,38.290006,38.439991,320800,16.382531
2010-01-14,38.639993,39.309996,38.600009,38.859999,428400,16.561532
2010-01-13,38.720005,38.889988,38.43,38.850008,569200,16.557274
2010-01-12,39.249992,39.329999,38.690011,38.740003,675100,16.510392
2010-01-11,39.350002,39.59001,38.97999,39.550004,446800,16.855602
2010-01-08,38.560003,39.350002,38.220006,39.320008,991500,16.757581
2010-01-07,38.200004,38.670008,38.180001,38.569994,799600,16.437936
2010-01-06,38.499999,38.639993,38.349988,38.470006,725500,16.395323
2010-01-05,38.650005,38.740003,38.380003,38.43,714100,16.378273
2010-01-04,38.450003,39.199996,38.450003,38.600009,876700,16.450728
2009-12-31,38.670008,38.720005,38.240009,38.240009,606100,16.297302
2009-12-30,38.690011,39.140008,38.639993,38.740003,389200,16.510392
2009-12-29,39.190005,39.199996,38.850008,38.889988,814600,16.574313
2009-12-28,39.48001,39.550004,38.949996,39.039999,769900,16.638245
2009-12-24,39.320008,39.350002,39.080004,39.350002,387600,16.770364
2009-12-23,39.179993,39.649993,38.880002,39.149999,1144000,16.685126
2009-12-22,38.940006,39.509999,38.940006,39.240001,629100,16.723483
2009-12-21,39.210008,39.789991,38.740003,38.969999,1446700,16.608413
2009-12-18,38.319999,39.050011,38.220006,39.050011,3217200,16.642512
2009-12-17,37.88001,38.340002,37.70001,38.310009,1073200,16.327135
2009-12-16,38.209994,38.470006,38.029994,38.139999,547600,16.254679
2009-12-15,38.020004,38.340002,37.869998,38.169989,567100,16.26746
2009-12-14,38.009992,38.43,37.739994,38.270003,593100,16.310085
2009-12-11,37.930006,37.96,37.640001,37.820001,689500,16.118301
2009-12-10,37.899991,38.150012,37.480004,37.669995,683500,16.054371
2009-12-09,37.410009,37.770009,37.390007,37.629989,815100,16.037321
2009-12-08,37.250008,37.669995,37.059996,37.530001,1152400,15.994707
2009-12-07,37.219993,37.629989,37.129995,37.570006,683700,16.011757
2009-12-04,37.250008,37.750006,36.879996,37.410009,833100,15.943569
2009-12-03,37.08999,37.370004,36.760005,36.769996,402400,15.670805
2009-12-02,36.890008,37.210007,36.710009,37.079999,910800,15.802924
2009-12-01,36.879996,37.370004,36.879996,37.050005,794800,15.764567
2009-11-30,36.630002,36.890008,36.080011,36.560002,1431000,15.556074
2009-11-27,36.400005,37.050005,36.209993,36.780008,417100,15.649685
2009-11-25,37.16001,37.34001,36.999992,37.259999,376200,15.853918
2009-11-24,37.08999,37.190004,36.789999,37.109993,796600,15.790091
2009-11-23,36.969998,37.449989,36.969998,37.170001,665100,15.815625
2009-11-20,36.479991,36.769996,36.350009,36.690006,882900,15.611389
2009-11-19,36.760005,36.890008,36.36,36.690006,1225800,15.611389
2009-11-18,37.539991,37.559994,36.980011,37.01999,2072400,15.751796
2009-11-17,37.190004,37.710001,36.920002,37.640001,1866700,16.015607
2009-11-16,36.389993,37.239996,36.36999,37.23001,1590300,15.841158
2009-11-13,36.060009,36.36999,35.680006,36.260011,787200,15.428429
2009-11-12,36.240008,36.36999,35.680006,35.869994,1393300,15.262479
2009-11-11,36.060009,36.519997,36.009991,36.18,2370100,15.394385
2009-11-10,35.82,36.29,35.750003,35.889997,1285300,15.27099
2009-11-09,36.069999,36.150006,35.590004,36.009991,858300,15.322047
2009-11-06,35.199989,35.82,35.00001,35.709997,1056700,15.194401
2009-11-05,35.030002,35.790007,34.969995,35.289989,1998100,15.01569
2009-11-04,35.019989,35.149995,34.589993,34.690005,2046600,14.7604
2009-11-03,35.239995,35.619998,34.809998,34.989998,1901200,14.888046
2009-11-02,35.050004,35.919991,34.699996,35.329995,1663800,15.032712
2009-10-30,35.300004,35.619998,34.710008,34.890007,1957200,14.8455
2009-10-29,35.599995,35.72001,35.340007,35.54001,1514700,15.122073
2009-10-28,35.889997,36.110001,35.199989,35.349998,1955200,15.041223
2009-10-27,37.109993,37.689998,35.140004,35.54001,2502100,15.122073
2009-10-26,36.609999,37.219993,35.599995,35.700007,1572400,15.19015
2009-10-23,36.639988,36.870006,36.310003,36.769996,1592500,15.645425
2009-10-22,36.279988,36.819992,35.860006,36.650004,884700,15.594369
2009-10-21,36.170009,36.839991,36.130003,36.18,1072300,15.394385
2009-10-20,35.979997,36.36,35.689995,36.339997,1288800,15.462462
2009-10-19,35.64,36.170009,35.529998,36.049996,594600,15.339069
2009-10-16,35.73,35.759992,35.309992,35.559989,858100,15.130574
2009-10-15,35.239995,35.900009,35.239995,35.889997,899200,15.27099
2009-10-14,35.190001,35.689995,34.809998,35.619998,1162500,15.156107
2009-10-13,35.010001,35.010001,34.510005,34.739999,808300,14.781673
2009-10-12,34.789995,35.100001,34.649999,35.059995,692500,14.917829
2009-10-09,34.56999,34.769993,34.47999,34.699996,840100,14.764651
2009-10-08,34.47999,35.010001,34.330005,34.74999,1863900,14.785923
2009-10-07,34.29999,34.530008,34.02999,34.229993,904000,14.564668
2009-10-06,34.20,34.699996,34.02,34.339996,721300,14.611473
2009-10-05,33.38001,34.069994,33.259995,33.869993,1086700,14.41149
2009-10-02,34.159996,34.339996,33.29001,33.329992,1332400,14.181722
2009-10-01,34.870005,34.870005,33.880006,34.330005,1203000,14.607222
2009-09-30,35.460001,35.750003,34.769993,34.91001,1512000,14.854011
2009-09-29,35.149995,35.590004,34.969995,35.379989,921600,15.053985
2009-09-28,34.719998,35.259998,34.620008,35.00001,1201000,14.892306
2009-09-25,34.850002,34.969995,34.449996,34.65999,1280200,14.747629
2009-09-24,35.599995,35.73,34.629998,35.00001,1632600,14.892306
2009-09-23,35.72001,35.990009,35.570003,35.570003,915700,15.134835
2009-09-22,35.619998,35.840003,35.27001,35.750003,953700,15.211423
2009-09-21,35.210001,35.559989,34.879995,35.399992,1353300,15.062496
2009-09-18,36.600008,36.600008,35.370001,35.500004,1206900,15.10505
2009-09-17,35.190001,35.709997,35.070007,35.660003,1290300,15.173129
2009-09-16,35.010001,35.210001,34.589993,35.210001,870400,14.981656
2009-09-15,34.800008,35.430007,34.74999,34.940002,1056600,14.866773
2009-09-14,34.499993,34.789995,34.11,34.649999,1760800,14.743378
2009-09-11,34.449996,35.149995,34.449996,34.879995,2286900,14.815707
2009-09-10,33.579991,34.56999,33.140003,34.47999,1852300,14.6458
2009-09-09,32.31999,33.540007,32.31999,33.419992,1915300,14.195553
2009-09-08,31.95,32.420002,31.909996,32.399999,1693800,13.762298
2009-09-04,31.169992,31.850009,31.169992,31.810005,1021500,13.511691
2009-09-03,31.560009,31.68,31.310009,31.400009,2218200,13.33754
2009-09-02,31.119998,31.459994,30.989992,31.329991,1036900,13.307799
2009-09-01,31.329991,31.630006,30.95001,31.14,1678000,13.227098
2009-08-31,31.290007,31.610003,30.939998,31.479997,2011900,13.371516
2009-08-28,31.709993,31.909996,30.899992,31.430003,966100,13.35028
2009-08-27,31.689991,31.689991,30.989992,31.41,2180200,13.341784
2009-08-26,31.700003,31.880002,31.419991,31.630006,873100,13.435234
2009-08-25,31.909996,32.13999,31.670009,31.900005,1830600,13.54992
2009-08-24,31.850009,32.080005,31.68,31.850009,967500,13.528683
2009-08-21,31.279994,31.999996,31.250003,31.86999,751600,13.53717
2009-08-20,30.930007,31.360006,30.86001,31.310009,852900,13.299312
2009-08-19,30.600001,31.209997,30.600001,31.04001,989700,13.184626
2009-08-18,30.489998,30.989992,30.489998,30.930007,1341100,13.137901
2009-08-17,30.699989,30.730004,30.24999,30.440002,1377400,12.929765
2009-08-14,31.23,31.470006,30.969989,31.180006,2033700,13.244091
2009-08-13,30.609989,31.430003,30.59001,31.430003,2589300,13.35028
2009-08-12,30.849998,31.079992,30.379995,30.510001,3612100,12.959498
2009-08-11,30.890003,31.180006,30.579998,30.640004,1228200,13.014719
2009-08-10,31.070003,31.41,30.939998,31.13001,1017000,13.222855
2009-08-07,31.540006,31.729994,31.189995,31.400009,1444000,13.33754
2009-08-06,31.59,31.599991,31.079992,31.23,1141200,13.265327
2009-08-05,32.039999,32.13999,31.029998,31.380007,1603500,13.329044
2009-08-04,32.089996,32.489999,31.86,32.179996,1668600,13.668849
2009-08-03,32.850001,32.850001,31.729994,32.31999,2590800,13.728313
2009-07-31,32.370008,32.84001,32.280008,32.359996,4067100,13.745306
2009-07-30,32.579999,32.940001,31.459994,32.379998,5238600,13.753803
2009-07-29,33.30,33.520006,31.920008,32.22999,3225600,13.690085
2009-07-28,34.600005,35.959994,32.600002,33.349995,7101900,14.165821
2009-07-27,38.229997,38.630002,37.840004,38.040007,1254100,16.157961
2009-07-24,37.449989,38.459993,37.359992,38.409997,1015200,16.315119
2009-07-23,36.749993,37.719991,36.620011,37.649992,1230300,15.992297
2009-07-22,36.710009,37.460001,36.589996,36.870006,1003200,15.660988
2009-07-21,36.800011,37.010004,36.530009,36.870006,1222200,15.660988
2009-07-20,35.91,36.499994,35.739991,36.279988,1222200,15.410371
2009-07-17,35.239995,35.63001,34.91001,35.590004,900000,15.117292
2009-07-16,34.809998,35.520007,34.65999,35.349998,954000,15.015346
2009-07-15,34.370011,35.070007,34.370011,35.019989,906000,14.875171
2009-07-14,33.700006,34.20,33.410003,34.20,1335700,14.526871
2009-07-13,32.899995,33.709994,32.339993,33.700006,1084500,14.314492
2009-07-10,32.49999,33.099998,32.49999,32.850001,1149400,13.953442
2009-07-09,33.169995,33.270007,32.719995,32.75001,1115700,13.91097
2009-07-08,33.169995,33.320003,32.390011,32.969992,1415400,14.00441
2009-07-07,34.20999,34.280011,33.180007,33.210001,1364400,14.106356
2009-07-06,33.959993,34.159996,33.590003,34.130002,1010700,14.497138
2009-07-02,35.059995,35.059995,34.049993,34.049993,1411600,14.463154
2009-07-01,34.920001,35.64,34.920001,35.460001,1707300,15.062071
2009-06-30,34.82001,35.129992,34.449996,34.580002,2344000,14.688281
2009-06-29,34.620008,34.899998,34.289999,34.640011,1057200,14.713771
2009-06-26,34.580002,34.83999,34.179997,34.409993,1055200,14.616068
2009-06-25,33.399991,34.890007,33.320003,34.65999,1316400,14.722257
2009-06-24,33.129989,34.20999,33.129989,33.66,1151700,14.297499
2009-06-23,32.75001,33.230003,32.49999,32.789992,1589500,13.927953
2009-06-22,33.779994,33.790006,33.039989,33.059992,1039500,14.042638
2009-06-19,34.20,34.339996,33.790006,34.040003,1307700,14.45891
2009-06-18,34.319993,34.319993,33.759991,33.999997,1349500,14.441917
2009-06-17,34.080008,34.710008,33.950003,34.249996,2339500,14.548107
2009-06-16,34.409993,35.109989,33.84,33.950003,1710900,14.420681
2009-06-15,34.890007,34.949992,33.770003,34.269997,1646700,14.556603
2009-06-12,34.74999,35.199989,34.440008,35.190001,1230700,14.947386
2009-06-11,35.190001,35.570003,34.91001,35.340007,1129200,14.985613
2009-06-10,35.039992,35.309992,34.519996,35.250007,1696200,14.947449
2009-06-09,34.150005,34.969995,34.139993,34.890007,1710400,14.794795
2009-06-08,34.530008,34.530008,33.579991,34.02999,1583200,14.430112
2009-06-05,34.069994,34.850002,33.849991,34.580002,1864900,14.66334
2009-06-04,33.090007,33.999997,32.989995,33.990008,1544100,14.413158
2009-06-03,32.960001,33.540007,32.940001,33.279998,2007100,14.112085
2009-06-02,33.140003,33.520006,32.989995,33.30,1394100,14.120567
2009-06-01,31.790003,33.329992,31.610003,33.250004,1308300,14.099366
2009-05-29,31.239991,31.450006,30.809992,31.450006,1300000,13.336093
2009-05-28,30.980003,31.32,30.089993,31.04001,2025400,13.162238
2009-05-27,31.740008,31.990005,30.789989,30.829995,2060700,13.073183
2009-05-26,29.879999,31.889993,29.879999,31.77,1820800,13.471784
2009-05-22,29.990002,30.68001,29.61999,30.219998,1682500,12.814519
2009-05-21,30.489998,30.660007,29.650005,29.920005,1235700,12.68731
2009-05-20,30.609989,31.479997,30.609989,30.969989,2874300,13.132546
2009-05-19,29.909993,30.730004,29.659996,30.469995,1881100,12.920528
2009-05-18,30.190005,30.449992,29.740005,30.190005,1990300,12.801801
2009-05-15,29.839996,30.539992,29.630002,29.990002,1467000,12.716991
2009-05-14,30.050011,30.579998,29.870011,30.120008,1328800,12.772119
2009-05-13,30.719992,30.95001,29.960011,30.100005,1517800,12.763637
2009-05-12,31.86,31.990005,31.000004,31.299997,1765300,13.272483
2009-05-11,32.539995,32.629995,31.670009,31.720006,2470900,13.450584
2009-05-08,33.000007,33.419992,31.999996,33.070004,2254500,14.023039
2009-05-07,32.800004,33.239992,32.100008,32.730007,1955800,13.878866
2009-05-06,32.480011,32.57001,31.740008,32.460008,1487700,13.764375
2009-05-05,32.480011,32.620005,31.709993,32.120011,1487800,13.620203
2009-05-04,32.370008,32.49999,31.900005,32.460008,1541700,13.764375
2009-05-01,31.940011,32.440005,31.50,32.019997,1548400,13.577792
2009-04-30,31.929997,32.699992,31.929997,32.210011,3037900,13.658366
2009-04-29,31.990005,32.429993,31.850009,31.990005,2343600,13.565075
2009-04-28,32.609993,32.609993,31.41,31.819994,2831500,13.492983
2009-04-27,32.609993,33.279998,32.159993,32.609993,2240200,13.827975
2009-04-24,33.090007,33.250004,32.609993,32.879992,2607400,13.942466
2009-04-23,32.690002,33.120001,31.95999,32.710005,3802600,13.870384
2009-04-22,31.059989,33.430006,30.719992,32.690002,3060900,13.861902
2009-04-21,32.780002,32.780002,29.420009,31.569997,6032700,13.386974
2009-04-20,34.989998,34.989998,33.759991,33.790006,2054200,14.328349
2009-04-17,35.489992,35.779994,35.030002,35.709997,1519800,15.142504
2009-04-16,33.900008,35.579992,33.729997,35.460001,1934500,15.036495
2009-04-15,33.070004,33.999997,33.059992,33.549997,1661400,14.226576
2009-04-14,32.960001,33.500003,32.730007,33.20001,1371600,14.078166
2009-04-13,33.48,33.709994,32.769989,33.430006,1513300,14.175694
2009-04-09,32.769989,33.939991,32.719995,33.880006,1253200,14.366513
2009-04-08,32.269996,32.609993,31.689991,32.159993,1429200,13.637157
2009-04-07,32.760001,33.000007,32.04999,32.150002,1884700,13.63292
2009-04-06,33.079995,33.489991,32.609993,33.360007,1608000,14.146012
2009-04-03,33.210001,33.489991,32.609993,33.48,1990900,14.196894
2009-04-02,32.510002,33.630007,32.300011,33.11001,2098900,14.040003
2009-04-01,30.750007,31.95,30.399998,31.790003,2328900,13.480266
2009-03-31,31.329991,31.929997,31.099995,31.270006,1908000,13.259766
2009-03-30,31.23,31.290007,30.289995,30.939998,1467000,13.119829
2009-03-27,32.280008,32.49999,31.610003,31.920008,1616800,13.535393
2009-03-26,31.850009,32.870002,31.59,32.690002,2564500,13.861902
2009-03-25,31.68,32.449996,30.469995,31.329991,2050800,13.285202
2009-03-24,31.599991,32.069993,31.270006,31.50,1584900,13.357293
2009-03-23,30.719992,32.269996,30.710001,32.179996,1857300,13.645639
2009-03-20,30.919995,30.919995,29.949996,30.06999,2075800,12.75091
2009-03-19,31.009995,31.04001,30.199996,30.469995,1112500,12.920528
2009-03-18,29.879999,30.719992,29.099992,30.559995,1591200,12.958692
2009-03-17,29.409997,30.109996,29.150009,30.109996,1329000,12.767874
2009-03-16,29.459993,29.97999,29.090003,29.479994,1675000,12.500727
2009-03-13,29.909993,29.909993,28.840004,29.180003,1537200,12.373519
2009-03-12,28.590007,29.780011,28.030005,29.690011,1426900,12.564338
2009-03-11,28.410007,28.910003,28.039995,28.550004,1355400,12.081905
2009-03-10,27.260009,28.399995,27.130006,28.140007,2560600,11.908401
2009-03-09,27.110003,27.670005,26.54001,26.700007,2967400,11.299016
2009-03-06,27.690008,27.830002,26.529998,27.310005,3467800,11.557157
2009-03-05,26.829991,27.510008,26.399992,27.409996,4586500,11.599472
2009-03-04,25.56999,27.969998,25.510005,27.600008,4476100,11.679882
2009-03-03,24.990008,25.649999,24.610006,25.269997,2360700,10.693858
2009-03-02,25.940002,26.019989,24.540007,24.66,2209500,10.435717
2009-02-27,26.320004,27.290003,26.289989,26.460001,2753700,11.197449
2009-02-26,27.629999,27.81999,26.63001,26.73,915900,11.311708
2009-02-25,27.650002,27.850005,26.860006,27.290003,1383000,11.548692
2009-02-24,27.330008,27.830002,26.840003,27.699996,1620400,11.722195
2009-02-23,28.530001,28.89,26.959994,27.029994,1791100,11.438661
2009-02-20,28.97001,30.730004,27.890011,28.379992,2356300,12.009959
2009-02-19,30.579998,30.750007,29.43,29.549993,1818900,12.505084
2009-02-18,30.649995,30.730004,29.819993,30.399998,1758100,12.864793
2009-02-17,30.930007,32.089996,30.289995,30.42999,1936500,12.877485
2009-02-13,31.95,32.240002,31.580009,31.77,2664000,13.444555
2009-02-12,31.009995,31.670009,30.609989,31.610003,1794600,13.376847
2009-02-11,31.830008,32.120011,31.400009,31.760009,1235200,13.440328
2009-02-10,32.219999,32.940001,31.279994,31.560009,2314500,13.355691
2009-02-09,32.640007,33.180007,32.280008,32.57001,1869900,13.783107
2009-02-06,32.31999,33.360007,32.120011,33.090007,1837300,14.003161
2009-02-05,31.509991,32.559998,31.099995,32.210011,1668600,13.630761
2009-02-04,32.379998,33.070004,31.59,31.68,2150500,13.406469
2009-02-03,32.350005,32.670001,31.549994,32.210011,2583600,13.630761
2009-02-02,31.569997,32.730007,31.099995,32.420002,3285900,13.719626
2009-01-30,31.50,32.769989,31.380007,31.95999,3107800,13.524956
2009-01-29,31.929997,32.370008,31.479997,31.819994,1416700,13.465712
2009-01-28,31.749997,32.399999,31.599991,32.330002,3424600,13.68154
2009-01-27,31.799993,31.929997,31.189995,31.470006,2674800,13.317603
2009-01-26,31.839997,32.210011,31.110007,31.540006,3191500,13.347226
2009-01-23,31.13001,32.359996,31.090004,31.729994,2575800,13.427626
2009-01-22,32.069993,32.510002,31.160003,31.830008,1840500,13.46995
2009-01-21,31.68,32.84001,31.430003,32.75001,2489100,13.85928
2009-01-20,32.219999,32.820007,31.360006,31.599991,3117300,13.37261
2009-01-16,32.629995,32.75001,31.50,32.49999,2752200,13.753476
2009-01-15,29.299994,32.04999,29.299994,31.749997,3882700,13.436091
2009-01-14,29.220006,29.999993,28.910003,29.720002,4675200,12.577029
2009-01-13,28.919992,29.580008,28.739992,29.479994,2293800,12.475462
2009-01-12,30.019996,30.239999,28.820003,29.130007,1158400,12.327353
2009-01-09,30.899992,30.95001,29.499997,30.219998,1555200,12.78862
2009-01-08,30.690001,30.989992,30.199996,30.95001,1558800,13.097549
2009-01-07,30.640004,31.189995,30.390007,30.719992,2040400,13.000209
2009-01-06,30.95001,31.450006,30.809992,31.119998,2247000,13.169485
2009-01-05,31.580009,31.619993,30.449992,30.809992,1966200,13.038296
2009-01-02,30.24999,31.810005,29.990002,31.670009,1519200,13.402241
2008-12-31,29.780011,30.449992,29.780011,30.210008,1381500,12.784392
2008-12-30,28.910003,29.630002,28.710001,29.630002,1402800,12.538943
2008-12-29,29.090003,29.319997,28.509998,28.809989,1565100,12.191926
2008-12-26,28.869998,29.150009,28.440001,29.060009,1474800,12.297731
2008-12-24,28.950007,29.049997,28.359989,28.860007,782200,12.213093
2008-12-23,28.500007,29.169991,28.410007,28.829992,3859300,12.200391
2008-12-22,29.749996,29.749996,27.319994,28.379992,3856600,12.009959
2008-12-19,30.140011,30.42999,29.439991,29.850008,3132000,12.632046
2008-12-18,30.780001,31.099995,29.510009,30.109996,3005700,12.742068
2008-12-17,29.569994,31.279994,29.349991,30.789989,2201400,13.029831
2008-12-16,28.399995,30.089993,27.99999,29.88999,2473600,12.648965
2008-12-15,29.130007,29.240009,27.749993,28.120005,2654700,11.899936
2008-12-12,28.399995,29.459993,27.45,28.770007,2779200,12.175007
2008-12-11,30.390007,31.059989,28.559992,29.119994,3415500,12.323116
2008-12-10,30.510001,31.599991,30.24999,30.559995,3282900,12.932501
2008-12-09,31.380007,32.13999,30.41001,30.710001,2180200,12.995981
2008-12-08,32.58999,32.670001,31.400009,31.740008,3717900,13.431864
2008-12-05,29.960011,31.360006,29.150009,31.329991,3085200,13.258351
2008-12-04,32.219999,33.02001,29.589997,30.329999,3413700,12.83517
2008-12-03,31.23,32.84001,30.759998,32.690002,3633400,13.833886
2008-12-02,31.68,32.919998,31.349992,32.219999,3772900,13.609594
2008-12-01,33.129989,34.02,30.750007,30.980003,2367000,13.085824
2008-11-28,33.950003,34.92999,33.799994,34.92999,1150600,14.754282
2008-11-26,31.709993,34.530008,31.419991,34.139993,2596600,14.420591
2008-11-25,31.77999,33.050004,31.250003,32.330002,8951100,13.656058
2008-11-24,30.449992,32.269996,30.300008,31.709993,5125500,13.394169
2008-11-21,28.88001,30.460005,27.980011,29.999993,4976700,12.671872
2008-11-20,29.150009,29.839996,28.030005,28.34001,3720300,11.970702
2008-11-19,31.740008,32.190008,29.270003,29.369993,2859000,12.405763
2008-11-18,30.77001,32.240002,30.449992,31.740008,3811500,13.406847
2008-11-17,29.470006,31.419991,29.259991,30.41001,2700000,12.845062
2008-11-14,30.879989,32.219999,29.740005,29.79999,3375600,12.587392
2008-11-13,29.400008,31.749997,28.649992,31.380007,5345500,13.254784
2008-11-12,29.589997,29.850008,28.730003,29.240009,2312500,12.350858
2008-11-11,30.460005,31.13001,29.52999,30.24999,1887000,12.77747
2008-11-10,31.639994,32.13999,30.399998,30.789989,1163200,13.005563
2008-11-07,30.519989,31.189995,30.019996,30.86001,1409400,13.03514
2008-11-06,31.929997,32.780002,30.219998,30.289995,1675900,12.794368
2008-11-05,33.700006,34.049993,32.109997,32.249993,1238400,13.622263
2008-11-04,33.84,34.280011,33.270007,34.220002,1793800,14.454387
2008-11-03,33.11001,33.579991,32.510002,33.059992,1722600,13.964403
2008-10-31,32.890004,33.520006,32.039999,33.250004,3684300,14.044663
2008-10-30,31.310009,33.349995,31.310009,32.67999,2368500,13.803892
2008-10-29,30.059999,31.650008,29.349991,30.449992,2103000,12.86195
2008-10-28,28.399995,29.949996,27.479993,29.949996,2701500,12.650754
2008-10-27,29.999993,30.759998,28.329998,28.359989,3940600,11.979142
2008-10-24,29.88999,31.32,29.099992,30.550004,2803600,12.904195
2008-10-23,33.999997,34.359997,31.639994,32.769989,1818600,13.841907
2008-10-22,34.429996,34.850002,33.079995,33.770003,2688900,14.264309
2008-10-21,34.890007,35.72001,34.550011,35.259998,4346700,14.893676
2008-10-20,34.240005,35.419995,34.190011,34.47999,3003000,14.564204
2008-10-17,33.38001,36.220006,33.070004,34.429996,2781000,14.543087
2008-10-16,33.270007,34.679993,31.619993,34.559999,3352900,14.598
2008-10-15,36.029994,37.280002,33.309989,33.309989,1731100,14.070001
2008-10-14,40.14,40.310009,36.090002,36.929993,3136200,15.599075
2008-10-13,34.679993,38.549991,34.440008,38.549991,3847500,16.283356
2008-10-10,30.840007,34.429996,29.720002,33.329992,3599700,14.07845
2008-10-09,34.150005,34.699996,31.630006,32.49999,2460700,13.72786
2008-10-08,31.77,35.379989,31.459994,33.770003,3768700,14.264309
2008-10-07,35.430007,35.570003,32.699992,32.769989,2294700,13.841907
2008-10-06,36.29,36.29,33.129989,34.82001,3539400,14.707828
2008-10-03,38.600009,39.109993,37.320007,37.329998,2389000,15.768036
2008-10-02,40.369997,40.430001,37.869998,37.989989,1159200,16.046813
2008-10-01,40.590002,41.240002,40.270004,40.650006,2130900,17.170393
2008-09-30,38.850008,41.310001,37.739994,40.770002,3148200,17.221079
2008-09-29,40.110007,40.110007,37.840004,38.409997,2587500,16.224223
2008-09-26,40.700003,40.810003,40.000006,40.740008,1662400,17.20841
2008-09-25,41.449996,42.160004,41.289999,41.390008,1334400,17.482967
2008-09-24,41.460008,41.800004,40.630003,41.219999,1314900,17.411156
2008-09-23,42.320001,42.93,41.210009,41.460008,1438600,17.512535
2008-09-22,43.870005,44.120004,42.189998,42.320001,1209700,17.875792
2008-09-19,48.600001,50.100008,43.139993,44.199989,4145100,18.669892
2008-09-18,42.009998,42.909997,38.949996,42.729997,2535400,18.048973
2008-09-17,42.430006,42.720006,41.510004,41.530007,2232000,17.542102
2008-09-16,41.809995,43.150005,41.130002,43.150005,3371100,18.226383
2008-09-15,43.91001,44.039992,42.529994,42.650012,2223000,18.015187
2008-09-12,44.070007,44.810009,43.679993,44.739989,1502200,18.897985
2008-09-11,44.230004,44.549998,43.209988,44.259998,1852600,18.669892
2008-09-10,44.100001,44.950004,43.920001,44.680006,1486800,18.847061
2008-09-09,45.339997,45.659991,43.789993,43.809996,2064600,18.480071
2008-09-08,46.350001,46.489995,44.880009,45.580005,1264900,19.226702
2008-09-05,45.209993,45.36,44.230004,45.069999,1665600,19.011569
2008-09-04,47.999993,48.050011,45.450002,45.470005,2205900,19.180301
2008-09-03,47.850008,48.539992,47.830005,48.240001,1605700,20.34875
2008-09-02,49.090004,49.770002,47.760006,47.920003,1439200,20.213767
2008-08-29,49.430001,49.430001,48.379995,48.539992,751000,20.475293
2008-08-28,48.719992,49.580011,48.370005,49.529994,1282900,20.892898
2008-08-27,48.210008,48.789991,47.990002,48.390007,802500,20.412026
2008-08-26,48.109993,48.210008,47.749994,48.190005,1096600,20.32766
2008-08-25,48.860012,48.860012,47.870011,47.949996,1327000,20.226419
2008-08-22,49.000006,49.189997,48.660009,49.149991,775300,20.732604
2008-08-21,48.100007,49.000006,48.069992,48.649993,1126800,20.521694
2008-08-20,47.999993,48.800004,47.789999,48.359993,1232100,20.399365
2008-08-19,48.309996,48.649993,47.61999,47.810002,1381000,20.167366
2008-08-18,48.469993,49.000006,47.960009,48.429992,1463800,20.428892
2008-08-15,47.999993,48.750007,47.999993,48.320008,2371500,20.382498
2008-08-14,46.750006,47.889988,46.570006,47.789999,997600,20.158928
2008-08-13,46.390007,47.000001,46.219993,46.919994,1777000,19.79194
2008-08-12,47.049997,47.499999,46.34001,46.590009,1213200,19.652745
2008-08-11,47.079991,47.470006,46.480004,47.380003,1620100,19.985983
2008-08-08,46.34001,47.61999,46.199995,47.549991,1443700,20.057687
2008-08-07,47.340002,47.380003,46.219993,46.289992,2079600,19.526191
2008-08-06,47.659996,48.030008,47.380003,47.749994,2380000,20.142053
2008-08-05,46.730003,47.729991,46.710001,47.659996,1338400,20.10409
2008-08-04,47.510011,47.510011,46.239996,46.370004,1247500,19.559941
2008-08-01,47.569994,47.990002,46.629989,47.439991,1530900,20.011287
2008-07-31,48.109993,48.440004,47.850008,47.859999,1895500,20.188456
2008-07-30,49.029995,49.110007,47.630002,48.449995,2422900,20.43733
2008-07-29,48.33999,48.890001,48.210008,48.699989,1407100,20.542783
2008-07-28,48.840009,49.149991,47.999993,48.300005,1195300,20.374061
2008-07-25,48.860012,49.290007,48.530002,48.879989,1728600,20.618711
2008-07-24,49.920008,50.980004,48.379995,48.48001,2284600,20.449991
2008-07-23,50.429993,50.640007,49.509991,49.670009,2726500,20.95196
2008-07-22,49.770002,50.980004,49.599988,50.490001,3584200,21.297852
2008-07-21,52.409991,52.499993,49.50,49.880002,3474600,21.04054
2008-07-18,50.139988,50.620005,48.750007,50.300011,2733700,21.217709
2008-07-17,47.949996,50.030009,47.949996,50.030009,1914000,21.103816
2008-07-16,46.930006,47.830005,46.120005,47.769997,1085400,20.150491
2008-07-15,46.689998,47.600009,46.030007,46.89,1553100,19.779288
2008-07-14,47.589997,47.749994,46.149998,47.060009,1732000,19.851002
2008-07-11,46.239996,47.589997,45.760005,47.159998,2090400,19.893179
2008-07-10,46.70001,46.989989,46.079999,46.799998,1511700,19.741323
2008-07-09,47.709988,48.469993,46.259999,46.579997,1661800,19.648521
2008-07-08,46.399993,47.520002,46.030007,47.520002,1327200,20.045037
2008-07-07,46.390007,47.150012,45.710009,46.210007,1484500,19.492451
2008-07-03,46.320007,46.680007,45.719999,46.050005,1027000,19.424959
2008-07-02,47.670008,47.97999,46.08999,46.239996,1639900,19.505101
2008-07-01,46.860007,47.760006,46.300004,47.560003,1751400,20.061911
2008-06-30,47.200004,48.060001,46.660004,47.220006,1738500,19.918492
2008-06-27,47.709988,48.230011,46.939997,47.200004,2314500,19.910055
2008-06-26,50.04999,50.04999,47.400006,47.61999,1975500,20.087215
2008-06-25,50.249993,50.939999,49.929999,50.210009,2536200,21.179744
2008-06-24,50.739996,50.739996,49.770002,50.249993,2435100,21.196611
2008-06-23,51.630009,51.630009,50.759999,50.870004,1335300,21.458146
2008-06-20,51.549997,52.280009,50.939999,51.290012,2178100,21.635315
2008-06-19,50.949989,51.470012,50.73001,51.299998,751200,21.639527
2008-06-18,50.750008,51.239994,50.469998,50.949989,1095700,21.491885
2008-06-17,51.650012,51.869991,50.939999,51.099996,1064800,21.555161
2008-06-16,51.000007,51.880003,51.000007,51.579991,953700,21.757635
2008-06-13,50.919996,51.619997,50.649998,51.57,1467600,21.75342
2008-06-12,51.399991,52.060003,50.150004,50.359993,1884700,21.243011
2008-06-11,51.329992,51.500001,50.789992,51.239994,1677100,21.588905
2008-06-10,50.350007,51.579991,50.190006,51.259997,1678500,21.597332
2008-06-09,51.270009,51.46,50.199996,50.739996,1205100,21.378241
2008-06-06,52.749992,52.749992,51.149992,51.219991,1120000,21.580477
2008-06-05,51.38001,53.050004,51.38001,53.050004,1260900,22.351515
2008-06-04,51.02001,51.479998,50.690004,51.259997,1218100,21.597332
2008-06-03,51.189998,51.489989,50.620005,51.099996,1029600,21.529919
2008-06-02,51.239994,51.450009,50.460008,50.960001,1086900,21.470936
2008-05-30,50.579999,51.340004,50.22999,51.299998,1282500,21.614186
2008-05-29,50.609993,50.879994,49.970005,50.579999,1644300,21.31083
2008-05-28,49.299997,50.600002,49.239989,50.579999,1970100,21.31083
2008-05-27,49.279994,49.400012,48.559995,49.259992,1563300,20.754672
2008-05-23,49.479997,49.610001,48.840009,49.169994,1162500,20.716753
2008-05-22,49.329991,49.86999,49.149991,49.740008,979800,20.956917
2008-05-21,49.79,50.249993,49.119998,49.329991,1176900,20.784165
2008-05-20,50.699995,50.820007,49.220012,49.799991,2333200,20.982189
2008-05-19,52.899998,52.899998,50.609993,50.969992,2380600,21.475145
2008-05-16,52.899998,53.120004,52.200002,52.98001,1695100,22.322024
2008-05-15,51.129989,52.690005,51.129989,52.679993,1917600,22.195618
2008-05-14,50.699995,51.500001,50.699995,50.989995,1315000,21.483573
2008-05-13,50.399999,50.629995,49.749999,50.629995,1158400,21.331894
2008-05-12,49.310009,50.240002,49.160003,50.22999,832500,21.163361
2008-05-09,49.279994,49.470006,48.680008,49.160003,673600,20.712544
2008-05-08,49.049998,49.580011,48.890001,49.520003,874500,20.864222
2008-05-07,50.190006,50.390008,48.800004,48.930007,991000,20.61564
2008-05-06,49.229998,50.559996,48.689999,50.210009,1687500,21.154942
2008-05-05,48.620004,49.299997,48.620004,49.160003,823600,20.712544
2008-05-02,49.999994,49.999994,48.689999,48.930007,1108000,20.61564
2008-05-01,48.519989,49.580011,48.460007,49.549996,1071900,20.876859
2008-04-30,48.960001,49.259992,48.370005,48.519989,1919800,20.442887
2008-04-29,49.250001,49.369997,48.669996,48.759998,708700,20.54401
2008-04-28,49.299997,49.749999,49.149991,49.250001,1397700,20.750463
2008-04-25,48.699989,49.13001,48.300005,49.040012,1160200,20.661988
2008-04-24,48.449995,48.960001,48.010005,48.640007,1081500,20.493454
2008-04-23,48.910004,49.149991,48.460007,48.600001,1400100,20.476599
2008-04-22,48.660009,49.86,48.460007,48.780001,1961100,20.552438
2008-04-21,48.230011,50.780002,48.230011,49.700003,3922300,20.940061
2008-04-18,46.109993,47.330011,45.990001,46.919994,1440400,19.768763
2008-04-17,45.789999,45.920002,45.090002,45.330006,596400,19.098854
2008-04-16,44.849994,45.999992,44.759992,45.890008,812700,19.3348
2008-04-15,44.619998,44.619998,43.969993,44.439998,999000,18.723868
2008-04-14,43.829999,44.529995,43.800005,44.280001,1176300,18.656456
2008-04-11,44.360012,44.390001,43.800005,43.920001,1192900,18.504778
2008-04-10,44.500006,44.950004,44.059995,44.739989,1122400,18.850263
2008-04-09,45.009991,45.090002,44.09001,44.410004,854700,18.711231
2008-04-08,44.480003,45.119991,44.219992,45.040006,584200,18.976669
2008-04-07,45.099988,45.699996,44.840003,44.880009,733200,18.909257
2008-04-04,45.589996,45.589996,44.45001,45.099988,1078600,19.001941
2008-04-03,45.36999,45.650004,45.090002,45.600008,921100,19.212614
2008-04-02,45.380002,46.030007,45.020003,45.589996,1115100,19.208396
2008-04-01,44.329997,45.330006,43.949995,45.279988,954900,19.07778
2008-03-31,43.260006,43.949995,42.75,43.91001,1392700,18.500569
2008-03-28,43.069994,43.649999,42.939991,43.100009,972000,18.159291
2008-03-27,43.719998,43.719998,42.770003,42.979996,1166500,18.108727
2008-03-26,43.91001,43.91001,43.240003,43.620006,717400,18.378381
2008-03-25,43.539999,44.210001,43.200002,44.030002,1027300,18.551125
2008-03-24,42.430006,44.030002,42.349995,43.440006,966100,18.302542
2008-03-20,41.829998,42.349995,41.399999,42.340004,1213300,17.839079
2008-03-19,43.319993,43.490002,41.930008,41.930008,1471000,17.666336
2008-03-18,42.119998,42.979996,41.629995,42.830011,1337500,18.045534
2008-03-17,41.460008,41.699995,40.659997,41.339991,2203200,17.417744
2008-03-14,43.170008,43.370011,41.550005,41.930008,1401300,17.666336
2008-03-13,41.820007,42.990008,41.490001,42.740009,1056600,18.007613
2008-03-12,42.579991,43.269997,42.369998,42.419994,1182300,17.847498
2008-03-11,41.969992,42.479998,41.219999,42.399991,1396300,17.839082
2008-03-10,41.699995,41.890007,40.999994,41.100008,1406700,17.292136
2008-03-07,42.000007,42.399991,41.539993,41.719993,1036800,17.552985
2008-03-06,42.740009,43.240003,42.399991,42.399991,1212000,17.839082
2008-03-05,42.799996,43.719998,42.669989,42.880003,1129600,18.041039
2008-03-04,43.310002,43.380002,42.110012,42.700004,2069500,17.965307
2008-03-03,42.590003,43.539999,42.320001,43.530008,1504000,18.314518
2008-02-29,43.730011,43.730011,42.479998,42.590003,1175800,17.919027
2008-02-28,44.430007,44.430007,43.83999,44.109992,947700,18.558536
2008-02-27,44.439998,45.650004,44.439998,44.739989,1518900,18.823597
2008-02-26,43.699996,44.849994,43.609993,44.720012,1222300,18.815192
2008-02-25,43.159996,43.899998,42.939991,43.780007,1076100,18.419701
2008-02-22,42.959993,43.269997,42.470012,43.269997,1606200,18.205122
2008-02-21,42.740009,42.840002,42.470012,42.759991,1913400,17.990546
2008-02-20,41.980004,42.57,40.839997,42.410003,1937400,17.843295
2008-02-19,43.060003,43.469999,42.039991,42.099996,1104000,17.712864
2008-02-15,43.260006,43.350008,42.360007,42.700004,823500,17.965307
2008-02-14,44.039992,44.079998,43.29999,43.519996,1255600,18.310305
2008-02-13,43.47999,43.91001,43.319993,43.890007,835600,18.465982
2008-02-12,43.260006,43.600007,42.900006,43.249994,1761400,18.196707
2008-02-11,42.430006,43.269997,42.230003,43.11999,1065300,18.14201
2008-02-08,41.960001,42.840002,41.820007,42.57,1424800,17.910611
2008-02-07,42.520004,42.579991,41.570008,42.009998,2132200,17.674999
2008-02-06,43.420003,43.730011,42.579991,42.689991,1587300,17.961095
2008-02-05,43.269997,43.740001,42.990008,43.200002,1683900,18.175673
2008-02-04,45.330006,45.330006,43.920001,43.969993,1369900,18.499634
2008-02-01,44.219992,44.579992,43.539999,44.489994,3290800,18.718416
2008-01-31,42.979996,44.199989,42.810009,44.039992,2965600,18.529085
2008-01-30,43.949995,44.700009,43.629996,43.699996,1644900,18.386037
2008-01-29,44.540012,45.229996,43.670002,44.120004,2232000,18.562749
2008-01-28,43.65999,44.320006,43.249994,44.210001,2173900,18.600614
2008-01-25,43.780007,44.649991,43.460009,43.740001,2927700,18.402869
2008-01-24,41.440005,44.070007,41.440005,43.389988,3920400,18.255607
2008-01-23,37.640001,42.000007,37.640001,40.580011,4936500,17.073356
2008-01-22,37.250008,39.719992,37.08999,39.100007,2423200,16.45067
2008-01-18,39.640007,40.169994,38.580006,38.949996,2242900,16.387555
2008-01-17,41.150004,41.73001,39.370005,39.449995,1797300,16.597921
2008-01-16,41.130002,41.820007,40.760011,41.060002,1505400,17.275305
2008-01-15,41.350007,41.910009,41.170003,41.379996,1429800,17.409937
2008-01-14,42.129989,42.210001,41.66001,41.890007,1608300,17.624515
2008-01-11,42.219991,42.819999,41.640007,41.919996,1927300,17.637132
2008-01-10,42.349995,43.049991,41.699995,42.650012,2805300,17.944274
2008-01-09,42.93,43.519996,42.009998,42.860001,2053300,18.032624
2008-01-08,45.049996,45.459988,43.04,43.069994,1482400,18.120975
2008-01-07,45.29,45.659991,44.469991,45.020003,2069500,18.941408
2008-01-04,45.949996,45.980011,44.900012,45.18,1380600,19.008724
2008-01-03,46.320007,46.930006,45.999992,46.480004,1241500,19.555679
2008-01-02,46.799998,46.950009,45.72999,46.070008,1224400,19.38318
2007-12-31,46.849995,46.939997,46.599996,46.840004,1087600,19.707143
2007-12-28,46.930006,47.169989,46.439999,46.820001,739500,19.698727
2007-12-27,47.549991,47.740003,46.500007,46.649992,402900,19.627199
2007-12-26,47.499999,47.679999,47.290006,47.560003,424300,20.01007
2007-12-24,47.079991,47.769997,47.060009,47.639993,274900,20.043725
2007-12-21,46.619998,47.169989,46.219993,47.079991,1661800,19.808113
2007-12-20,46.500007,46.579997,45.780008,46.129995,1222300,19.408419
2007-12-19,46.370004,46.930006,46.23001,46.250008,691600,19.458912
2007-12-18,46.619998,46.730003,46.129995,46.379994,1328500,19.513602
2007-12-17,46.430008,47.200004,46.250008,46.280002,1633000,19.471531
2007-12-14,46.860007,46.860007,45.00,46.559994,1578300,19.589334
2007-12-13,46.250008,46.710001,45.969998,46.590009,1089600,19.601962
2007-12-12,47.319999,47.319999,45.719999,46.359992,2132500,19.505186
2007-12-11,48.120006,48.120006,45.969998,46.309995,1431400,19.484151
2007-12-10,47.700002,48.449995,47.589997,47.909991,983400,20.157322
2007-12-07,47.580006,47.839996,47.259991,47.54,811000,20.001655
2007-12-06,46.329998,47.740003,46.329998,47.580006,1432000,20.018486
2007-12-05,45.859993,46.399993,45.600008,46.329998,1477000,19.492566
2007-12-04,44.619998,45.539999,44.599995,45.339997,1733500,19.050793
2007-12-03,44.109992,45.279988,43.620006,45.029994,1947600,18.920537
2007-11-30,44.239995,44.729998,43.760004,44.000008,1634100,18.487762
2007-11-29,44.009999,44.419995,43.640008,43.820008,1038600,18.41213
2007-11-28,43.499993,44.460001,43.400004,44.109992,1609800,18.533974
2007-11-27,42.720006,43.330005,42.590003,43.310002,1079700,18.197837
2007-11-26,43.049991,44.120004,42.549997,42.610006,892900,17.903715
2007-11-23,42.779994,43.11999,42.650012,42.950003,256200,18.046574
2007-11-21,43.029988,43.310002,42.579991,42.579991,1476100,17.891104
2007-11-20,43.469999,44.280001,42.000007,43.310002,1681600,18.197837
2007-11-19,44.63001,44.649991,43.319993,43.409991,2123100,18.23985
2007-11-16,45.710009,46.01999,44.399992,44.869997,1968300,18.85331
2007-11-15,46.910003,46.979998,45.240008,45.54999,1461700,19.139027
2007-11-14,47.499999,47.79999,46.790012,46.910003,918900,19.710473
2007-11-13,46.370004,47.420009,46.34001,47.340002,1175100,19.891148
2007-11-12,46.939997,47.490008,45.699996,46.149998,2305300,19.391136
2007-11-09,46.840004,47.569994,46.649992,47.07,2066100,19.777699
2007-11-08,47.270003,47.389994,44.990009,47.040007,2069500,19.765097
2007-11-07,47.499999,47.700002,46.759997,46.89,918000,19.702068
2007-11-06,47.409997,47.999993,47.240009,47.830005,1059300,20.097036
2007-11-05,46.120005,47.79999,46.120005,47.589997,1915200,19.99619
2007-11-02,47.439991,47.439991,46.309995,46.610012,1172800,19.584423
2007-11-01,46.750006,47.159998,46.359992,46.640001,1485100,19.597024
2007-10-31,45.719999,47.000001,45.479991,47.000001,1059400,19.748287
2007-10-30,46.23001,46.430008,45.589996,45.620011,855900,19.168448
2007-10-29,46.689998,46.869998,45.899999,46.269989,598500,19.441554
2007-10-26,46.059996,46.579997,45.690006,46.410009,685900,19.500387
2007-10-25,45.999992,46.199995,45.130003,45.470005,1115200,19.105419
2007-10-24,45.699996,46.23001,45.189991,45.710009,993700,19.206263
2007-10-23,46.030007,46.199995,45.470005,45.929993,831100,19.298695
2007-10-22,44.790007,45.999992,44.460001,45.780008,1369500,19.235675
2007-10-19,45.060009,46.259999,45.060009,45.090002,1729500,18.945751
2007-10-18,44.000008,45.209993,44.000008,45.009991,1350600,18.912132
2007-10-17,44.239995,44.369998,42.500001,43.310002,1936500,18.197837
2007-10-16,44.45001,44.64,43.600007,43.780007,1105800,18.395322
2007-10-15,44.799997,44.939991,43.859993,44.45001,882000,18.676842
2007-10-12,44.27001,45.00,44.070007,44.82,931600,18.832303
2007-10-11,44.300004,44.750001,43.679993,44.189999,1018800,18.567591
2007-10-10,44.799997,44.799997,43.620006,44.189999,1592500,18.567591
2007-10-09,45.049996,45.36,44.939991,45.330006,907200,19.046595
2007-10-08,44.549998,45.049996,44.399992,45.049996,613500,18.928942
2007-10-05,44.000008,44.720012,43.809996,44.549998,937900,18.718854
2007-10-04,44.309994,44.410004,43.609993,43.749992,1241200,18.382711
2007-10-03,43.91001,44.360012,43.749992,44.079998,1175100,18.521371
2007-10-02,43.429994,44.100001,43.389988,44.030002,884700,18.500364
2007-10-01,43.319993,43.589991,43.170008,43.380002,1128600,18.227249
2007-09-28,43.600007,43.789993,42.93,43.220005,579100,18.160022
2007-09-27,43.339996,43.539999,43.080006,43.539999,557700,18.294476
2007-09-26,42.360007,43.240003,42.360007,43.11,916600,18.113801
2007-09-25,41.930008,42.270009,41.670001,42.230003,1088500,17.744047
2007-09-24,42.149992,42.189998,41.809995,41.949989,997300,17.626392
2007-09-21,41.539993,42.349995,41.539993,41.939999,1238800,17.622194
2007-09-20,41.859992,41.919996,41.240002,41.499992,418500,17.437314
2007-09-19,41.899993,42.46,41.559996,41.750008,821400,17.542365
2007-09-18,40.160003,41.800004,40.049998,41.800004,977800,17.563372
2007-09-17,40.220012,40.220012,39.840009,39.860012,558100,16.748233
2007-09-14,40.020009,40.340003,39.899992,40.290007,785400,16.928907
2007-09-13,40.029995,40.50,39.660009,40.290007,1050700,16.928907
2007-09-12,39.820006,40.020009,39.399998,39.849996,958200,16.744025
2007-09-11,39.719992,40.270004,39.620004,39.879989,1239000,16.731413
2007-09-10,40.000006,40.149991,39.26999,39.629994,1030200,16.626529
2007-09-07,40.049998,40.160003,39.660009,39.879989,984600,16.731413
2007-09-06,40.13001,40.439991,39.780001,40.369997,593100,16.936992
2007-09-05,40.000006,40.14,39.600001,40.059989,1162800,16.80693
2007-09-04,39.95001,40.50,39.95001,40.21,814600,16.869867
2007-08-31,40.000006,40.169994,39.669996,39.989994,973900,16.777565
2007-08-30,39.050011,39.750007,38.969999,39.570007,764500,16.601362
2007-08-29,38.999993,39.699989,38.830005,39.26999,1605700,16.475491
2007-08-28,39.399998,39.500008,38.670008,38.729991,758200,16.248938
2007-08-27,39.680008,39.960001,39.240001,39.600001,799800,16.613945
2007-08-24,39.050011,39.710001,39.050011,39.669996,671500,16.643311
2007-08-23,40.110007,40.259992,38.850008,39.170002,896100,16.433542
2007-08-22,39.199996,40.270004,39.100007,40.14,834300,16.840499
2007-08-21,39.199996,39.570007,38.529988,39.039999,1171900,16.379
2007-08-20,38.439991,39.500008,38.349988,39.149999,973000,16.42515
2007-08-17,38.819993,38.900004,37.539991,38.169989,1211100,16.013992
2007-08-16,37.350001,38.459993,36.380002,37.860007,1332600,15.883941
2007-08-15,38.79999,39.190005,37.610012,37.750006,679200,15.837791
2007-08-14,39.95001,40.14,38.650005,38.79999,1298400,16.278305
2007-08-13,39.519989,41.310001,39.399998,39.800004,1813500,16.697855
2007-08-10,39.149999,39.95001,38.360001,38.969999,2077800,16.349632
2007-08-09,39.899992,40.79,39.210008,39.48001,1544500,16.563604
2007-08-08,39.350002,40.459994,39.240001,40.450004,1611100,16.970559
2007-08-07,39.129996,39.699989,38.61999,39.399998,1540800,16.530035
2007-08-06,39.100007,39.149999,38.279994,39.149999,1373800,16.42515
2007-08-03,39.759998,40.029995,38.969999,38.999993,1699200,16.362215
2007-08-02,39.260004,39.710001,38.870011,39.710001,1200100,16.660095
2007-08-01,38.969999,39.370005,38.499999,39.149999,1290700,16.42515
2007-07-31,39.550004,40.290007,38.969999,39.019996,1536900,16.370607
2007-07-30,38.499999,39.519989,38.290006,39.280007,1197100,16.479694
2007-07-27,38.510011,38.97999,37.910003,38.43,1408600,16.123078
2007-07-26,39.329999,39.750007,38.340002,38.769997,1668100,16.265722
2007-07-25,40.50,40.950002,39.41001,39.789991,1648300,16.693655
2007-07-24,40.749999,40.79,40.13001,40.250001,1408900,16.886649
2007-07-23,42.279995,42.279995,41.030009,41.069993,1517100,17.230672
2007-07-20,41.699995,42.050004,41.100008,41.40999,986100,17.373315
2007-07-19,42.500001,43.229991,40.959988,41.690004,2192100,17.490794
2007-07-18,41.649998,42.479998,41.530007,42.450009,1370200,17.809649
2007-07-17,41.800004,42.189998,41.73001,42.079997,867600,17.654413
2007-07-16,41.789992,41.870004,41.249993,41.620005,768700,17.461426
2007-07-13,41.550005,41.850001,41.210009,41.829998,540000,17.549527
2007-07-12,40.850009,41.670001,40.700003,41.670001,755200,17.482401
2007-07-11,40.329991,40.610001,40.099995,40.549996,619200,17.01251
2007-07-10,40.959988,41.100008,40.310009,40.369997,1626400,16.936992
2007-07-09,40.799991,41.190006,40.670009,41.010006,1036000,17.205504
2007-07-06,40.540006,40.720006,40.340003,40.68,563400,17.067052
2007-07-05,40.599988,40.599988,40.279994,40.509991,1520500,16.995726
2007-07-03,40.50,40.700003,40.259992,40.450004,455500,16.970559
2007-07-02,40.049998,40.979991,40.040012,40.430001,1181700,16.962167
2007-06-29,39.910004,40.14,39.460007,39.680008,1243000,16.647512
2007-06-28,38.079991,40.940011,38.079991,39.849996,3949600,16.718829
2007-06-27,36.710009,37.919994,36.510006,37.89,1179400,15.896525
2007-06-26,37.140007,37.329998,36.90999,36.999992,1327000,15.523127
2007-06-25,37.410009,37.629989,37.059996,37.08999,1405900,15.560885
2007-06-22,37.88001,37.919994,37.309995,37.410009,881100,15.695147
2007-06-21,37.820001,37.989989,37.250008,37.899991,1371600,15.900716
2007-06-20,38.510011,38.54,37.910003,37.970012,781600,15.930093
2007-06-19,38.760006,38.760006,38.459993,38.510011,776800,16.156646
2007-06-18,39.060001,39.060001,38.639993,38.830005,568000,16.290898
2007-06-15,39.550004,39.550004,38.929994,39.060001,894300,16.387392
2007-06-14,38.850008,39.600001,38.850008,39.329999,1363500,16.500667
2007-06-13,38.119997,38.880002,38.079991,38.850008,877500,16.29929
2007-06-12,38.159998,38.43,37.88001,38.07,626500,15.946867
2007-06-11,38.169989,38.490008,37.899991,38.229997,631900,16.013887
2007-06-08,37.579997,38.200004,37.570006,38.189991,901000,15.997129
2007-06-07,37.759997,37.989989,37.480004,37.480004,1081800,15.699728
2007-06-06,38.000001,38.000001,37.719991,37.860007,545400,15.858904
2007-06-05,38.319999,38.450003,37.910003,38.119997,412300,15.96781
2007-06-04,38.189991,38.389994,37.979998,38.349988,488400,16.064149
2007-06-01,37.899991,38.209994,37.649992,38.209994,746700,16.005508
2007-05-31,37.989989,38.150012,37.70001,37.739994,3524400,15.808633
2007-05-30,37.010004,37.899991,36.749993,37.899991,750100,15.875653
2007-05-29,36.589996,37.120005,36.499994,37.120005,582400,15.54893
2007-05-25,36.299991,36.659991,36.150006,36.569993,422500,15.31854
2007-05-24,36.789999,37.039993,36.189991,36.220006,595000,15.171936
2007-05-23,36.999992,37.239996,36.72999,36.740002,611700,15.389754
2007-05-22,37.190004,37.190004,36.890008,36.999992,366400,15.498659
2007-05-21,36.879996,37.34001,36.780008,37.190004,917700,15.578252
2007-05-18,36.580005,37.039993,36.330006,36.960008,746700,15.48191
2007-05-17,36.400005,36.539999,36.009991,36.420008,489600,15.255714
2007-05-16,36.159997,36.519997,35.860006,36.519997,506700,15.297597
2007-05-15,36.110001,36.36999,35.790007,36.060009,612400,15.104916
2007-05-14,36.350009,36.54999,35.959994,36.170009,454600,15.150994
2007-05-11,36.200003,36.440011,36.170009,36.400005,372100,15.247335
2007-05-10,36.650004,36.650004,36.00,36.150006,555300,15.142615
2007-05-09,36.409996,36.850007,36.400005,36.839991,496000,15.431637
2007-05-08,36.589996,36.589996,36.220006,36.54999,730900,15.310161
2007-05-07,37.050005,37.149998,36.670003,36.800011,636700,15.41489
2007-05-04,37.109993,37.149998,36.949996,37.149998,882000,15.561494
2007-05-03,37.050005,37.050005,36.800011,36.90999,420000,15.460959
2007-05-02,36.479991,36.999992,36.450002,36.940005,540100,15.473531
2007-05-01,36.350009,36.519997,35.91,36.400005,790300,15.247335
2007-04-30,36.679994,36.679994,36.270002,36.279988,622800,15.197062
2007-04-27,36.690006,36.690006,36.36,36.530009,560800,15.301791
2007-04-26,36.54999,36.749993,36.389993,36.749993,578400,15.393939
2007-04-25,36.600008,36.670003,36.350009,36.609999,1018300,15.335298
2007-04-24,36.490003,36.569993,36.270002,36.440011,671500,15.264093
2007-04-23,36.279988,36.499994,36.130003,36.400005,616000,15.247335
2007-04-20,35.919991,36.279988,35.410004,36.279988,840600,15.197062
2007-04-19,35.239995,35.939991,34.65999,35.619998,1535500,14.920603
2007-04-18,35.199989,35.45001,35.00001,35.239995,613000,14.761427
2007-04-17,35.280001,35.480003,35.149995,35.36001,749200,14.811699
2007-04-16,34.460011,35.239995,34.460011,35.239995,737500,14.761427
2007-04-13,34.190011,34.240005,33.979994,34.240005,503700,14.342548
2007-04-12,33.729997,34.20,33.509992,34.190011,562000,14.321606
2007-04-11,34.139993,34.260008,33.560009,33.729997,766300,14.128915
2007-04-10,34.499993,34.629998,34.159996,34.229993,708400,14.338354
2007-04-09,34.600005,34.809998,34.429996,34.47999,448200,14.443074
2007-04-05,34.969995,35.030002,34.600005,34.609996,628300,14.497531
2007-04-04,34.82001,34.949992,34.609996,34.92999,503200,14.631571
2007-04-03,34.92999,35.010001,34.739999,34.760002,592800,14.560366
2007-04-02,34.690005,34.949992,34.510005,34.739999,335400,14.551987
2007-03-30,34.499993,34.780005,34.080008,34.539999,791200,14.46821
2007-03-29,34.82001,34.949992,34.350008,34.499993,827100,14.451452
2007-03-28,34.56999,34.649999,34.20999,34.56999,360900,14.480773
2007-03-27,34.850002,34.960005,34.449996,34.620008,733000,14.501725
2007-03-26,35.100001,35.190001,34.65999,35.00001,400500,14.660901
2007-03-23,35.129992,35.239995,35.030002,35.050004,310500,14.681843
2007-03-22,35.390003,35.500004,34.879995,35.199989,618000,14.744669
2007-03-21,34.949992,35.36001,34.620008,35.259998,457600,14.769805
2007-03-20,34.609996,34.980007,34.600005,34.899998,477900,14.619008
2007-03-19,34.699996,34.890007,34.510005,34.609996,442300,14.497531
2007-03-16,34.530008,34.649999,34.280011,34.499993,821800,14.451452
2007-03-15,34.100009,34.460011,33.900008,34.449996,870000,14.43051
2007-03-14,34.130002,34.249996,33.399991,34.11,1205200,14.288091
2007-03-13,34.150005,34.460011,33.979994,34.089997,1621000,14.254576
2007-03-12,33.700006,34.330005,33.680003,34.280011,496300,14.33403
2007-03-09,33.700006,33.849991,33.329992,33.770003,544600,14.120772
2007-03-08,33.48,33.75,33.349995,33.500003,591900,14.007873
2007-03-07,33.20001,33.39,32.850001,33.230003,442300,13.894974
2007-03-06,32.519993,33.309989,32.49999,33.219989,674700,13.890786
2007-03-05,32.49999,33.169995,32.350005,32.449996,1100700,13.568817
2007-03-02,33.900008,34.02999,33.169995,33.230003,660300,13.894974
2007-03-01,33.75,34.319993,33.450007,34.069994,647200,14.246212
2007-02-28,33.900008,34.530008,33.219989,34.159996,1140400,14.283846
2007-02-27,34.899998,34.899998,33.689991,33.889994,1190400,14.170946
2007-02-26,35.900009,35.91,35.190001,35.399992,861000,14.802344
2007-02-23,35.250007,35.810009,35.210001,35.799997,799600,14.969605
2007-02-22,35.529998,35.619998,35.160007,35.250007,625200,14.739629
2007-02-21,35.36001,35.599995,35.09001,35.529998,605400,14.856706
2007-02-20,34.949992,35.529998,34.620008,35.36001,511600,14.785626
2007-02-16,35.669992,35.669992,35.050004,35.120002,871300,14.685268
2007-02-15,35.399992,35.810009,35.250007,35.669992,630900,14.915244
2007-02-14,34.969995,35.509995,34.969995,35.36001,835800,14.785626
2007-02-13,34.65999,34.969995,34.620008,34.940002,357900,14.610002
2007-02-12,34.620008,34.800008,34.499993,34.559999,624700,14.451105
2007-02-09,34.670002,34.74999,34.319993,34.499993,627000,14.426014
2007-02-08,34.82001,34.82001,34.499993,34.620008,770100,14.476198
2007-02-07,35.149995,35.199989,34.719998,34.82001,993700,14.559828
2007-02-06,34.609996,35.030002,34.469999,35.030002,873900,14.647635
2007-02-05,34.960005,35.00001,34.420005,34.559999,746100,14.451105
2007-02-02,34.879995,35.00001,34.600005,34.969995,841500,14.622543
2007-02-01,34.859993,35.00001,34.559999,34.74999,748900,14.530549
2007-01-31,34.319993,34.699996,34.060005,34.65999,859200,14.492916
2007-01-30,34.089997,34.449996,34.049993,34.29999,717000,14.342384
2007-01-29,34.29999,34.499993,33.889994,34.089997,729000,14.254576
2007-01-26,34.29999,34.400002,33.819997,34.159996,759700,14.283846
2007-01-25,34.170008,34.609996,33.900008,34.280011,1467100,14.33403
2007-01-24,32.899995,34.20999,32.469998,34.170008,2659200,14.288032
2007-01-23,31.77999,32.199996,31.659997,32.109997,585900,13.426648
2007-01-22,31.979993,32.170005,31.659997,31.77999,734500,13.288657
2007-01-19,31.889993,32.100008,31.799993,31.929997,783600,13.351382
2007-01-18,32.100008,32.260005,31.830008,31.86,1064700,13.322113
2007-01-17,31.900005,32.22999,31.86,31.999996,457200,13.380652
2007-01-16,31.700003,32.150002,31.700003,31.970002,901000,13.36811
2007-01-12,31.259992,31.68,31.259992,31.560009,500800,13.196673
2007-01-11,31.099995,31.50,31.099995,31.400009,670600,13.12977
2007-01-10,30.890003,31.020007,30.669998,30.939998,532300,12.937418
2007-01-09,30.95001,31.250003,30.800004,31.04001,742600,12.979238
2007-01-08,30.930007,31.239991,30.789989,31.04001,751200,12.979238
2007-01-05,30.699989,31.50,30.68001,30.989992,625200,12.958323
2007-01-04,31.689991,31.86,31.169992,31.580009,1346500,13.205036
2007-01-03,32.089996,32.359996,31.549994,31.77999,1740300,13.288657
2006-12-29,31.850009,31.999996,31.709993,31.839997,671500,13.313749
2006-12-28,31.900005,31.999996,31.729994,31.850009,437100,13.317935
2006-12-27,31.77999,32.100008,31.729994,31.889993,538300,13.334655
2006-12-26,31.149991,31.740008,31.149991,31.599991,442500,13.213391
2006-12-22,31.149991,31.340003,30.710001,31.200007,932500,13.04614
2006-12-21,31.450006,31.630006,31.119998,31.169992,717700,13.033589
2006-12-20,31.540006,31.940011,31.32,31.439991,639000,13.146488
2006-12-19,31.360006,31.760009,31.13001,31.599991,556300,13.213391
2006-12-18,31.749997,32.269996,31.290007,31.389997,849100,13.125584
2006-12-15,32.089996,32.150002,31.650008,31.689991,654900,13.251024
2006-12-14,31.720006,32.249993,31.639994,32.04999,813300,13.401557
2006-12-13,31.720006,32.04999,31.509991,31.610003,504400,13.217578
2006-12-12,31.819994,31.850009,31.430003,31.569997,412300,13.20085
2006-12-11,31.95,32.300011,31.740008,31.819994,526900,13.305385
2006-12-08,31.95,32.219999,31.740008,31.95,373000,13.359746
2006-12-07,32.269996,32.449996,31.639994,31.95,654300,13.359746
2006-12-06,32.31999,32.539995,32.190008,32.280008,302100,13.497737
2006-12-05,32.600002,32.969992,32.280008,32.370008,850500,13.510279
2006-12-04,32.100008,32.75001,32.100008,32.57001,715900,13.593754
2006-12-01,32.609993,32.710005,31.760009,32.069993,652600,13.385062
2006-11-30,32.330002,32.820007,32.100008,32.609993,1379400,13.610441
2006-11-29,31.86,32.330002,31.830008,32.330002,1320400,13.493582
2006-11-28,31.979993,32.190008,31.50,31.790003,1177600,13.268202
2006-11-27,48.869998,48.900003,47.929995,48.050009,1643100,13.369763
2006-11-24,48.630003,49.84001,48.460003,49.240002,969400,13.700875
2006-11-22,48.379985,49.079993,48.120008,48.830007,1513300,13.586795
2006-11-21,48.109985,48.379985,47.750008,48.379985,506200,13.461578
2006-11-20,47.79999,48.16999,47.52,48.059999,623200,13.372543
2006-11-17,48.099994,48.499998,47.340013,47.89999,533800,13.328021
2006-11-16,48.129998,48.299995,47.599986,47.910017,395700,13.330811
2006-11-15,47.510009,48.180016,47.510009,47.929995,473100,13.33637
2006-11-14,46.989991,49.000006,46.779997,47.569982,616500,13.236197
2006-11-13,47.240009,47.280004,46.549992,46.940005,691200,13.060908
2006-11-10,47.489995,47.69999,46.840005,47.25,1140700,13.147163
2006-11-09,47.019995,47.080001,46.579996,46.870009,773700,13.041432
2006-11-08,46.779997,47.25,46.630014,46.98,1132200,13.072037
2006-11-07,46.60001,47.659995,46.60001,47.029983,1116400,13.085944
2006-11-06,46.000002,46.830014,45.820011,46.570005,995100,12.957957
2006-11-03,45.720011,46.219983,45.390003,46.109993,1093000,12.82996
2006-11-02,45.720011,45.949984,45.320007,45.520007,1543600,12.665798
2006-11-01,47.000014,47.15,45.909989,45.960007,745200,12.788227
2006-10-31,46.819991,46.959987,46.409997,46.679996,1445100,12.988562
2006-10-30,46.710001,46.870009,46.360014,46.640001,1534200,12.977433
2006-10-27,47.589999,47.599986,46.810001,46.959987,1799700,13.066468
2006-10-26,47.999994,48.939998,47.35,47.589999,2257800,13.241767
2006-10-25,47.000014,47.049996,46.460014,46.789987,648000,13.019166
2006-10-24,46.649992,47.180004,46.489983,47.000014,1457200,13.077606
2006-10-23,46.200005,46.649992,46.079988,46.649992,1190200,12.980213
2006-10-20,46.830014,46.840005,45.809988,46.349988,2058700,12.896738
2006-10-19,47.15,47.669986,46.470005,47.000014,2260500,13.077606
2006-10-18,48.399998,48.849985,47.769986,48.020007,1075900,13.361416
2006-10-17,48.739994,48.790012,47.89999,48.190004,1292800,13.408716
2006-10-16,48.730006,49.249992,48.590011,48.739994,1953400,13.56175
2006-10-13,49.489988,49.999983,48.260003,48.730006,3514600,13.558971
2006-10-12,46.120015,46.80001,45.969997,46.730014,621100,13.002479
2006-10-11,45.660003,46.049984,45.490006,45.869997,645900,12.763182
2006-10-10,45.599997,45.799998,45.359999,45.660003,482500,12.704752
2006-10-09,44.850003,45.699998,44.799986,45.550012,707500,12.674147
2006-10-06,45.229994,45.229994,44.650003,44.989999,544000,12.518325
2006-10-05,43.930013,45.329998,43.930013,45.229994,989700,12.585103
2006-10-04,43.050015,44.000009,43.050015,43.930013,715500,12.223388
2006-10-03,43.29001,43.379988,42.420002,43.139992,1397200,12.003567
2006-10-02,43.549987,44.089987,43.160006,43.390014,798400,12.073134
2006-09-29,43.64,43.91999,43.02001,43.549987,1244800,12.117646
2006-09-28,43.430005,43.619986,42.799996,43.449987,884400,12.089822
2006-09-27,43.760014,43.91999,43.109988,43.390014,1138000,12.073134
2006-09-26,43.099997,43.979996,42.969993,43.91,911400,12.217819
2006-09-25,42.999997,43.309992,42.55001,43.209991,814600,12.023044
2006-09-22,42.950014,42.950014,42.369988,42.899997,608400,11.936789
2006-09-21,44.000009,44.28999,42.860002,42.950014,1055800,11.950706
2006-09-20,43.760014,44.500017,43.74,43.83001,713700,12.195562
2006-09-19,43.760014,43.760014,42.999997,43.509995,693900,12.106519
2006-09-18,43.430005,44.070008,43.430005,43.779995,831100,12.181645
2006-09-15,43.679992,43.800009,43.400001,43.420015,837100,12.081482
2006-09-14,43.800009,43.800009,43.079984,43.439996,1086700,12.087042
2006-09-13,42.999997,44.000009,42.979983,43.930013,731200,12.223388
2006-09-12,42.909987,43.139992,42.590002,43.109988,1164600,11.978521
2006-09-11,42.699993,43.260006,42.569988,42.990006,699400,11.945183
2006-09-08,42.680015,43.169996,42.680015,42.999997,771400,11.947959
2006-09-07,42.499992,42.839988,41.899984,42.580011,860100,11.831262
2006-09-06,43.500005,43.719987,42.520006,42.610016,868900,11.839599
2006-09-05,43.069996,43.64,42.510015,43.579991,855100,12.109116
2006-09-01,42.999997,43.549987,42.880015,43.069996,881500,11.967409
2006-08-31,42.880015,42.999997,42.439984,42.880015,1078600,11.914621
2006-08-30,42.410015,42.839988,42.240016,42.780015,1112500,11.886835
2006-08-29,42.150003,42.55001,41.980006,42.380011,1292800,11.77569
2006-08-28,41.14,41.970016,41.100008,41.970016,844300,11.661769
2006-08-25,40.800004,41.31999,40.630005,41.100008,356500,11.420029
2006-08-24,41.800016,41.880003,40.749986,40.930009,884200,11.372793
2006-08-23,41.330013,41.680002,41.109999,41.570011,715600,11.550624
2006-08-22,41.21999,41.619994,41.04999,41.379998,463900,11.497827
2006-08-21,41.999985,41.999985,41.240003,41.31999,430800,11.481153
2006-08-18,42.699993,42.709984,41.670012,42.119998,739300,11.703443
2006-08-17,43.069996,43.449987,42.829997,42.829997,724500,11.900723
2006-08-16,42.199988,43.150015,42.029989,43.050015,942900,11.961857
2006-08-15,41.500012,41.999985,41.370008,41.999985,653500,11.670096
2006-08-14,41.119986,41.710003,41.079994,41.079994,771400,11.414468
2006-08-11,41.019986,41.130012,40.720017,40.919986,693100,11.370008
2006-08-10,40.660009,41.330013,39.589997,41.019986,1420300,11.397794
2006-08-09,40.60,40.930009,40.160001,40.180018,788500,11.164401
2006-08-08,41.500012,41.500012,40.23,40.360005,1315500,11.214412
2006-08-07,42.150003,42.390001,41.279995,41.349994,1648300,11.48949
2006-08-04,43.200001,43.490014,41.95999,42.350006,914100,11.767353
2006-08-03,42.199988,43.09001,42.099985,42.739988,793300,11.875713
2006-08-02,41.950002,42.699993,41.910007,42.55001,724900,11.822926
2006-08-01,42.399989,42.459997,41.68999,41.849999,585100,11.628421
2006-07-31,42.559998,42.760001,42.240016,42.420002,528000,11.786802
2006-07-28,41.989994,42.769992,41.989994,42.559998,816900,11.825701
2006-07-27,42.499992,42.65001,41.629985,41.659989,1216300,11.575625
2006-07-26,42.089997,42.320002,41.510003,42.129989,1203000,11.706219
2006-07-25,42.099985,42.709984,41.670012,42.070016,1298200,11.689555
2006-07-24,40.77999,41.649998,40.690013,41.619994,1674600,11.564512
2006-07-21,41.530017,41.540007,40.120009,40.549982,1275900,11.267199
2006-07-20,43.249983,43.719987,41.670012,41.670012,1605300,11.57841
2006-07-19,41.950002,42.969993,41.899984,42.369988,2275300,11.772905
2006-07-18,41.999985,42.399989,41.160017,41.929989,1522300,11.650647
2006-07-17,43.249983,44.200013,41.800016,41.800016,3648600,11.614533
2006-07-14,42.750011,42.750011,41.549995,41.999985,974200,11.670096
2006-07-13,43.099997,43.400001,42.469988,42.780015,1429200,11.886835
2006-07-12,43.849991,43.860014,42.709984,43.269997,1904100,12.022981
2006-07-11,44.549999,44.680004,43.649987,43.989986,2318100,12.223037
2006-07-10,45.450011,45.499994,44.580004,44.710008,1684000,12.423102
2006-07-07,46.06001,46.149987,45.040016,45.220007,1627300,12.56481
2006-07-06,46.179989,46.500006,45.739992,45.939993,1287900,12.764865
2006-07-05,47.550004,47.550004,45.809988,45.979988,1381900,12.775978
2006-07-03,47.499986,47.589999,47.100014,47.589999,218700,13.223335
2006-06-30,47.710013,47.89999,47.140009,47.380005,823000,13.164986
2006-06-29,45.699998,47.750008,45.599997,47.680009,1269600,13.248345
2006-06-28,45.150007,45.169989,44.699985,45.09999,568300,12.531462
2006-06-27,45.750015,45.879988,44.810008,44.980008,715500,12.498124
2006-06-26,45.779984,45.930002,45.429998,45.669993,435300,12.689843
2006-06-23,45.259998,46.109993,44.899989,45.679984,575200,12.692619
2006-06-22,45.850016,46.670006,45.180012,45.259998,2142600,12.575922
2006-06-21,44.540009,45.359999,44.370012,45.320007,1049500,12.592596
2006-06-20,44.400013,44.740012,43.930013,44.540009,1061700,12.375866
2006-06-19,44.969985,45.059998,44.270009,44.410004,862800,12.339743
2006-06-16,45.399994,45.460002,44.72999,44.959994,1014000,12.492563
2006-06-15,44.000009,45.409984,43.74,45.359999,2025100,12.603708
2006-06-14,43.989986,44.389991,43.800009,44.100013,1978300,12.253609
2006-06-13,42.999997,44.570013,42.990006,44.040004,2906700,12.220262
2006-06-12,43.150015,43.150015,41.659989,41.659989,1574700,11.559853
2006-06-09,42.599993,43.330005,42.390001,42.999997,1485000,11.931679
2006-06-08,43.449987,43.549987,41.659989,42.590002,2521800,11.817914
2006-06-07,44.999989,45.220007,44.100013,44.159986,905100,12.253554
2006-06-06,45.599997,45.760006,44.319995,45.020003,1186200,12.492193
2006-06-05,47.07001,47.119995,45.539989,45.599997,759600,12.65313
2006-06-02,46.649992,47.189991,46.649992,47.110005,1107900,13.072128
2006-06-01,45.830002,46.570005,45.830002,46.570005,729600,12.922289
2006-05-31,45.020003,45.660003,45.010012,45.630002,1023900,12.661456
2006-05-30,45.560002,45.609985,44.859994,44.920003,671100,12.464444
2006-05-26,45.850016,45.939993,45.550012,45.809988,859500,12.711399
2006-05-25,46.090011,46.120015,45.320007,45.750015,1064400,12.694757
2006-05-24,45.399994,45.769994,44.159986,45.089999,1734300,12.511615
2006-05-23,47.000014,47.07001,45.709988,45.750015,1243500,12.694757
2006-05-22,46.900014,47.119995,45.900001,46.489983,1017400,12.900084
2006-05-19,47.750008,48.33999,47.119995,47.319996,1796100,13.130397
2006-05-18,46.60001,47.15,46.519987,46.770009,644100,12.977786
2006-05-17,47.000014,47.200018,46.449991,46.500006,978300,12.902865
2006-05-16,47.950008,48.390007,47.229986,47.319996,658000,13.130397
2006-05-15,48.080013,48.260003,47.52999,48.080013,818100,13.341287
2006-05-12,48.539993,48.749985,48.139986,48.139986,1054300,13.357928
2006-05-11,49.989992,50.269983,48.220008,48.620012,1232100,13.491127
2006-05-10,49.900015,50.329991,49.659987,49.94001,436200,13.857401
2006-05-09,50.399987,50.690004,49.870014,49.900015,599500,13.846303
2006-05-08,50.569987,50.909986,50.280009,50.289996,494100,13.954515
2006-05-05,50.750009,51.13,50.49,50.539983,873000,14.023882
2006-05-04,49.610002,50.39,49.57001,50.359996,832200,13.973939
2006-05-03,49.349993,49.900015,49.349993,49.479997,861400,13.729756
2006-05-02,49.349993,49.449993,48.869998,49.279993,600700,13.674259
2006-05-01,49.30001,49.84001,49.039998,49.149989,922000,13.638185
2006-04-28,49.689992,49.829984,49.060012,49.270006,1158400,13.671487
2006-04-27,49.449993,50.459996,49.200007,49.929987,1035400,13.85462
2006-04-26,49.780001,50.350005,49.449993,49.600011,681700,13.763058
2006-04-25,50.110009,50.359996,49.559984,49.579997,970600,13.757504
2006-04-24,50.199987,50.610014,49.859988,50.110009,1555800,13.904572
2006-04-21,50.099987,50.550009,49.77001,50.250005,1808200,13.943418
2006-04-20,46.80001,50.599991,46.649992,50.099987,4291800,13.901791
2006-04-19,45.820011,46.830014,45.799998,46.549992,1485900,12.916735
2006-04-18,45.150007,46.06001,45.089999,45.990011,1605700,12.761351
2006-04-17,45.339985,45.639989,44.789995,45.129994,1221000,12.522713
2006-04-13,45.390003,45.690007,45.299993,45.380012,1190800,12.592088
2006-04-12,45.650015,45.679984,45.310016,45.380012,1957000,12.592088
2006-04-11,45.650015,45.909989,45.599997,45.679984,1622800,12.675325
2006-04-10,46.360014,46.360014,45.639989,45.699998,1371100,12.680878
2006-04-07,46.219983,46.319984,45.830002,46.230006,1293300,12.827946
2006-04-06,45.779984,46.069998,45.509984,46.06001,804700,12.780775
2006-04-05,45.250008,45.990011,45.180012,45.809988,796500,12.711399
2006-04-04,45.080011,45.429998,44.850003,45.250008,1008400,12.556015
2006-04-03,44.959994,45.359999,44.750003,44.920003,978000,12.464444
2006-03-31,44.999989,45.450011,44.670016,44.959994,1395400,12.475541
2006-03-30,43.949991,44.689995,43.949991,44.610008,1443100,12.378427
2006-03-29,43.220014,44.000009,43.220014,43.879995,1080900,12.175862
2006-03-28,42.939992,43.549987,42.799996,43.269997,1374900,12.006599
2006-03-27,43.200001,43.439996,42.769992,42.990006,667800,11.928907
2006-03-24,43.309992,43.590014,43.179987,43.320014,547300,12.020478
2006-03-23,43.679992,43.679992,43.209991,43.320014,647500,12.020478
2006-03-22,43.390014,43.719987,43.300001,43.679992,1134000,12.120365
2006-03-21,44.000009,44.210004,43.29001,43.449987,1980600,12.056543
2006-03-20,43.619986,44.300013,43.430005,44.210004,1082800,12.267433
2006-03-17,43.309992,43.700005,43.099997,43.549987,1255500,12.084291
2006-03-16,43.649987,43.649987,43.209991,43.309992,928300,12.017697
2006-03-15,43.46001,43.630009,43.050015,43.509995,942400,12.073194
2006-03-14,42.999997,43.549987,42.890006,43.500005,916800,12.053771
2006-03-13,43.039992,43.500005,42.960005,43.179987,1020600,11.965095
2006-03-10,42.950014,43.390014,42.780015,43.039992,860100,11.926303
2006-03-09,42.450007,43.339996,42.369988,43.02001,1126500,11.920766
2006-03-08,42.299989,42.850011,42.119998,42.420002,1339200,11.754505
2006-03-07,42.750011,43.060005,42.050002,42.450007,2960700,11.762819
2006-03-06,44.740012,45.050007,44.089987,44.580004,960000,12.353037
2006-03-03,44.629986,45.269989,44.480003,44.810008,1117900,12.416771
2006-03-02,44.400013,44.82999,44.01,44.619999,1443300,12.36412
2006-03-01,43.009988,44.699985,42.979983,44.549999,1953000,12.344723
2006-02-28,42.65001,43.060005,42.269984,42.839988,878400,11.870882
2006-02-27,43.099997,43.549987,42.639988,42.799996,1044900,11.8598
2006-02-24,42.399989,43.050015,42.229993,43.050015,623700,11.92908
2006-02-23,42.729997,42.799996,42.240016,42.429993,810600,11.757273
2006-02-22,42.799996,42.990006,42.55001,42.930001,640500,11.895824
2006-02-21,42.750011,42.839988,42.289998,42.620006,666400,11.809925
2006-02-17,43.099997,43.169996,42.739988,42.750011,613800,11.845949
2006-02-16,42.65001,43.060005,42.469988,43.050015,765400,11.92908
2006-02-15,42.199988,42.769992,42.169984,42.559998,742500,11.793297
2006-02-14,42.099985,42.429993,41.800016,42.199988,1526800,11.693539
2006-02-13,41.710003,42.099985,40.939999,41.950002,1440600,11.624268
2006-02-10,41.810007,41.999985,41.070004,41.710003,1438300,11.557765
2006-02-09,41.619994,42.82001,41.619994,41.880003,1683000,11.604872
2006-02-08,41.019986,41.530017,41.019986,41.519994,923500,11.505114
2006-02-07,41.379998,41.700016,40.930009,41.000008,1024600,11.361027
2006-02-06,41.000008,41.510003,40.860013,41.400012,992800,11.471867
2006-02-03,41.000008,41.449994,40.77999,41.189985,2116900,11.413669
2006-02-02,41.14999,41.189985,40.60,41.000008,2180200,11.361027
2006-02-01,40.94999,41.240003,40.299996,41.14999,3169300,11.402587
2006-01-31,41.300009,41.430016,41.039999,41.14,1845600,11.399818
2006-01-30,40.700004,41.950002,40.700004,41.540007,1352200,11.51066
2006-01-27,41.999985,41.999985,40.439991,40.700004,2796000,11.277896
2006-01-26,41.700016,42.119998,41.500012,41.999985,2444800,11.638119
2006-01-25,42.55001,43.139992,39.710014,41.500012,7047600,11.499577
2006-01-24,42.499992,43.549987,42.469988,43.400001,1077400,12.026061
2006-01-23,42.599993,42.729997,42.280007,42.420002,621000,11.754505
2006-01-20,44.249995,44.249995,42.55001,42.65001,827500,11.818239
2006-01-19,43.900009,44.489994,43.900009,44.270009,561600,12.267138
2006-01-18,43.549987,44.059982,43.349987,43.84,338400,12.147983
2006-01-17,44.300013,44.300013,43.670001,43.749991,342400,12.123042
2006-01-13,43.849991,44.570013,43.609996,44.449999,482800,12.317013
2006-01-12,44.38,44.799986,43.730009,43.760014,1001800,12.125819
2006-01-11,44.980008,45.069985,44.070008,44.38,1359600,12.297616
2006-01-10,45.399994,45.399994,44.799986,44.92999,636000,12.450018
2006-01-09,44.480003,45.399994,44.410004,45.399994,1524300,12.580255
2006-01-06,43.900009,44.629986,43.670001,44.549999,1103100,12.344723
2006-01-05,42.999997,43.770004,42.999997,43.74,1151700,12.120274
2006-01-04,42.599993,42.999997,42.529993,42.969993,582700,11.906906
2006-01-03,42.510015,42.809984,41.919998,42.520006,1324900,11.782215
2005-12-30,42.850011,42.850011,42.180007,42.539984,882100,11.787751
2005-12-29,42.850011,43.360009,42.699993,42.950014,679900,11.90137
2005-12-28,42.599993,42.850011,42.480011,42.82001,467200,11.865346
2005-12-27,42.850011,43.039992,42.269984,42.499992,688600,11.77667
2005-12-23,42.769992,43.249983,42.739988,42.850011,514300,11.873659
2005-12-22,42.259994,42.620006,41.999985,42.620006,515200,11.809925
2005-12-21,41.999985,42.310012,41.740008,42.059993,1055800,11.654747
2005-12-20,42.429993,42.55001,41.740008,41.849999,1344600,11.596558
2005-12-19,42.839988,42.92001,42.110011,42.450007,765600,11.762819
2005-12-16,43.679992,43.819987,42.809984,42.809984,1064700,11.862568
2005-12-15,43.749991,43.889986,43.449987,43.64,485200,12.092564
2005-12-14,44.549999,44.859994,43.619986,43.849991,985500,12.150752
2005-12-13,43.609996,44.650003,43.609996,44.45999,1937200,12.319781
2005-12-12,43.349987,43.649987,43.249983,43.609996,1193500,12.08425
2005-12-09,42.799996,43.309992,42.510015,43.309992,928800,12.001119
2005-12-08,42.850011,43.120014,42.340016,42.880015,679000,11.881973
2005-12-07,43.099997,43.330005,42.529993,42.899997,673800,11.88751
2005-12-06,42.680015,43.420015,42.680015,42.850011,504900,11.873659
2005-12-05,43.430005,43.600005,42.499992,42.639988,621600,11.798834
2005-12-02,42.999997,43.709996,42.899997,43.530009,614800,12.04511
2005-12-01,42.709984,43.649987,42.709984,43.200001,814600,11.953794
2005-11-30,42.880015,43.169996,42.499992,42.610016,703500,11.790541
2005-11-29,42.799996,43.700005,42.680015,42.880015,726300,11.865252
2005-11-28,42.950014,43.02001,42.410015,42.729997,541300,11.82374
2005-11-25,42.950014,43.050015,42.799996,42.950014,152500,11.884621
2005-11-23,42.599993,42.990006,42.499992,42.880015,534700,11.865252
2005-11-22,42.599993,42.82001,42.059993,42.629997,537400,11.79607
2005-11-21,42.410015,42.599993,42.070016,42.599993,577300,11.787767
2005-11-18,42.459997,42.769992,42.110011,42.250006,902400,11.690923
2005-11-17,42.019998,42.410015,41.719994,42.359997,1195300,11.721358
2005-11-16,42.629997,42.720006,41.800016,41.999985,1094100,11.62174
2005-11-15,43.169996,43.500005,42.660001,42.660001,1221000,11.804372
2005-11-14,42.729997,43.390014,42.499992,43.220014,993600,11.959332
2005-11-11,42.350006,42.890006,42.329993,42.769992,849700,11.834807
2005-11-10,41.849999,42.340016,41.58999,42.299989,1104300,11.704754
2005-11-09,41.449994,41.910007,41.160017,41.849999,996900,11.580238
2005-11-08,41.100008,41.710003,40.800004,41.479999,1007200,11.477856
2005-11-07,41.500012,41.500012,40.790013,41.300009,906000,11.428051
2005-11-04,41.260017,41.449994,40.87,41.449994,1165900,11.469553
2005-11-03,40.469996,41.510003,40.339991,41.209999,1686300,11.403145
2005-11-02,39.880014,40.490009,39.589997,40.269995,1526800,11.143038
2005-11-01,40.579987,40.579987,39.350002,39.839983,1488300,11.02405
2005-10-31,40.40,40.839999,40.290009,40.730005,732300,11.270326
2005-10-28,40.250014,40.530004,39.839983,40.40,2066100,11.179011
2005-10-27,40.94999,40.94999,39.810015,40.23,1551300,11.131971
2005-10-26,40.60,41.060013,40.360005,40.939999,1628200,11.328433
2005-10-25,41.240003,41.240003,40.379986,40.790013,1846900,11.286931
2005-10-24,41.459985,41.710003,40.979991,41.240003,2008000,11.411447
2005-10-21,40.860013,41.999985,40.860013,41.470008,2029900,11.475091
2005-10-20,41.500012,42.769992,40.40,40.860013,4118800,11.3063
2005-10-19,42.699993,43.549987,41.950002,43.439996,1133500,12.020203
2005-10-18,42.999997,43.039992,42.480011,42.839988,1050300,11.854176
2005-10-17,42.990006,43.300001,42.829997,43.109988,1206100,11.928887
2005-10-14,42.299989,42.909987,41.999985,42.909987,899200,11.873545
2005-10-13,42.750011,42.769992,41.999985,42.259994,768100,11.693687
2005-10-12,42.65001,43.719987,42.469988,42.750011,1173300,11.829278
2005-10-11,42.729997,43.390014,42.539984,42.829997,1148400,11.851411
2005-10-10,43.150015,43.209991,42.369988,42.729997,861300,11.82374
2005-10-07,42.999997,43.400001,42.909987,43.139992,1456600,11.937189
2005-10-06,43.099997,43.430005,42.490002,42.950014,1209600,11.884621
2005-10-05,43.949991,44.370012,43.09001,43.099997,1873800,11.926122
2005-10-04,43.870005,44.840013,43.870005,44.100013,1976400,12.202835
2005-10-03,42.899997,44.28,42.899997,43.870005,1192200,12.13919
2005-09-30,42.410015,42.990006,42.390001,42.969993,658800,11.890149
2005-09-29,41.449994,42.450007,41.449994,42.410015,685900,11.735199
2005-09-28,41.649998,41.940012,41.349994,41.530017,784300,11.491696
2005-09-27,41.899984,42.019998,41.41999,41.729985,1031500,11.547029
2005-09-26,41.800016,42.119998,41.500012,41.849999,992800,11.580238
2005-09-23,40.60,42.289998,40.250014,41.700016,1447800,11.538736
2005-09-22,40.40,40.709991,40.23,40.700004,933000,11.262025
2005-09-21,40.50,40.839999,40.369995,40.479986,1575600,11.201144
2005-09-20,40.77,41.039999,40.120009,40.50,1245300,11.206682
2005-09-19,40.199996,40.930009,40.160001,40.520014,1385200,11.21222
2005-09-16,39.450005,41.14999,39.420001,40.569996,4207500,11.22605
2005-09-15,39.399987,39.499988,38.740006,38.800012,1795600,10.736281
2005-09-14,39.799992,39.960001,39.210007,39.240011,976900,10.858033
2005-09-13,40.150014,40.190005,39.620002,40.009983,661600,11.054486
2005-09-12,39.999992,40.469996,39.999992,40.150014,1285800,11.093175
2005-09-09,40.169992,40.739995,40.099996,40.630005,519700,11.225794
2005-09-08,40.150014,40.160001,39.710014,40.120009,607500,11.084885
2005-09-07,40.479986,40.77999,39.960001,40.160001,581100,11.095935
2005-09-06,40.099996,40.560009,39.839983,40.469996,999000,11.181584
2005-09-02,40.250014,40.40,39.750006,40.020009,553000,11.057256
2005-09-01,40.199996,40.450018,40.13,40.299996,521700,11.134615
2005-08-31,40.150014,40.290009,39.820005,40.290009,744700,11.131855
2005-08-30,40.069991,40.13,39.799992,40.05001,577900,11.065545
2005-08-29,39.550006,40.199996,39.41001,40.169992,784500,11.098695
2005-08-26,39.999992,40.05001,39.510011,39.750006,479200,10.982656
2005-08-25,39.799992,40.169992,39.720005,39.95001,905800,11.037916
2005-08-24,39.650006,40.150014,39.459993,39.629992,807300,10.949497
2005-08-23,39.650006,40.009983,39.550006,39.799992,1092700,10.996467
2005-08-22,39.450005,39.880014,39.399987,39.710014,856500,10.971607
2005-08-19,38.949998,39.280006,38.710002,39.270015,337000,10.850038
2005-08-18,39.049998,39.059988,38.670007,38.810002,607500,10.722939
2005-08-17,38.900015,39.289997,38.800012,39.229988,666100,10.838979
2005-08-16,39.340011,39.340011,38.800012,38.800012,495600,10.720179
2005-08-15,39.899992,39.95001,38.949998,39.329988,536800,10.866608
2005-08-12,39.650006,40.099996,39.370015,39.810015,756000,10.999236
2005-08-11,39.080002,39.699991,39.080002,39.68001,499600,10.963317
2005-08-10,39.150001,39.289997,38.630012,39.000015,796500,10.775439
2005-08-09,39.280006,39.499988,39.110006,39.240011,754200,10.841748
2005-08-08,38.000003,39.459993,37.97999,39.280006,920700,10.852798
2005-08-05,39.899992,39.899992,39.280006,39.41001,454500,10.888717
2005-08-04,40.169992,40.169992,39.699991,39.899992,987400,11.024096
2005-08-03,40.50,40.50,39.999992,40.199996,1056600,11.106985
2005-08-02,41.459985,41.540007,40.139987,40.50,1312300,11.189874
2005-08-01,40.250014,41.749998,40.250014,41.459985,797400,11.455112
2005-07-29,41.500012,41.510003,40.709991,41.200008,672300,11.383282
2005-07-28,40.939999,41.68999,40.700004,41.530017,918900,11.474461
2005-07-27,41.000008,41.000008,40.409987,40.990017,533200,11.325263
2005-07-26,40.620014,41.019986,40.620014,41.009995,2087100,11.330782
2005-07-25,41.349994,41.349994,40.169992,40.569996,1119300,11.209214
2005-07-22,40.960013,41.530017,40.919986,41.470008,981600,11.457881
2005-07-21,42.250006,42.259994,40.720017,40.990017,2856100,11.325263
2005-07-20,42.799996,43.390014,42.399989,42.750011,2325600,11.811537
2005-07-19,42.099985,42.559998,41.810007,42.55001,1375200,11.756278
2005-07-18,41.749998,42.229993,41.449994,42.089997,1169700,11.62918
2005-07-15,41.600013,42.199988,41.289986,41.899984,1502100,11.57668
2005-07-14,41.459985,41.619994,40.970003,41.619994,1456600,11.499321
2005-07-13,41.610003,41.659989,40.930009,41.510003,1684000,11.468931
2005-07-12,42.350006,42.350006,41.41999,41.810007,806500,11.55182
2005-07-11,42.019998,42.439984,41.859989,42.280007,667000,11.681678
2005-07-08,41.449994,42.220002,41.31999,42.019998,1105800,11.609839
2005-07-07,41.610003,41.780003,41.109999,41.700016,744700,11.52143
2005-07-06,42.390001,42.499992,41.819998,41.859989,535500,11.56563
2005-07-05,42.340016,42.499992,42.080007,42.390001,758800,11.712069
2005-07-01,41.859989,42.639988,41.729985,42.329993,1127200,11.695489
2005-06-30,41.849999,42.359997,41.810007,41.849999,1981300,11.56287
2005-06-29,40.890014,40.939999,40.490009,40.800004,1155700,11.272763
2005-06-28,40.60,40.890014,40.409987,40.890014,725800,11.297632
2005-06-27,40.05001,40.239991,39.839983,40.13,746500,11.087646
2005-06-24,41.000008,41.04999,39.41001,40.150014,1812600,11.093175
2005-06-23,41.309999,41.349994,40.819982,41.060013,1426200,11.344602
2005-06-22,41.430016,41.500012,40.960013,41.309999,1137300,11.413671
2005-06-21,40.749986,41.21999,40.649986,41.179995,806100,11.377752
2005-06-20,41.04999,41.04999,40.630005,40.77,627700,11.264473
2005-06-17,40.50,41.200008,40.50,41.04999,1572300,11.341833
2005-06-16,39.999992,40.309987,39.890001,40.299996,681900,11.134615
2005-06-15,40.020009,40.020009,39.450005,39.980014,920200,11.046206
2005-06-14,39.520001,40.029997,39.480006,40.029997,1182100,11.060015
2005-06-13,38.849997,39.589997,38.849997,39.58001,1020600,10.919107
2005-06-10,38.700011,38.859985,38.509998,38.849997,686400,10.717716
2005-06-09,38.630012,38.759984,38.419989,38.700011,585100,10.676338
2005-06-08,38.609999,38.830016,38.519989,38.640003,735700,10.659784
2005-06-07,38.300007,38.749994,38.290016,38.589985,879700,10.645985
2005-06-06,38.200004,38.400007,38.049986,38.400007,351600,10.593575
2005-06-03,38.509998,38.719993,38.100003,38.219985,269200,10.543911
2005-06-02,38.500008,38.959988,38.249989,38.589985,557700,10.645985
2005-06-01,38.300007,39.000015,38.000003,38.500008,748800,10.621163
2005-05-31,38.840007,38.840007,38.230008,38.230008,703900,10.546677
2005-05-27,39.100016,39.140011,38.749994,38.840007,509500,10.71496
2005-05-26,38.400007,39.199984,38.400007,39.180002,745800,10.808756
2005-05-25,38.700011,38.779998,38.090013,38.149989,543600,10.524601
2005-05-24,38.900015,39.080002,38.700011,38.830016,591400,10.712203
2005-05-23,38.700011,39.110006,38.689988,38.900015,1107900,10.731514
2005-05-20,38.540003,38.579998,37.80999,38.560016,947200,10.637717
2005-05-19,39.000015,39.810015,38.139998,38.549993,1921200,10.634952
2005-05-18,36.950005,37.830004,36.71001,37.53,675600,10.353562
2005-05-17,36.880009,36.880009,36.349997,36.729991,873400,10.13286
2005-05-16,36.750005,36.99,36.489992,36.940018,792000,10.190801
2005-05-13,37.129995,37.150009,36.400015,36.750005,1134900,10.138382
2005-05-12,38.109994,38.219985,37.120005,37.129995,894600,10.243211
2005-05-11,38.020017,38.249989,37.70999,38.100003,949900,10.510812
2005-05-10,38.600011,38.600011,37.80999,38.039995,519000,10.494257
2005-05-09,38.460016,38.730016,38.239999,38.730016,1040800,10.684616
2005-05-06,38.600011,38.779998,38.209994,38.360012,786300,10.582541
2005-05-05,37.699999,38.579998,37.560004,38.370003,1560700,10.585298
2005-05-04,38.270003,38.430012,37.799999,37.799999,1485000,10.428048
2005-05-03,38.270003,38.500008,37.969999,38.300007,969300,10.565988
2005-05-02,37.799999,38.230008,37.679986,38.209994,803200,10.541155
2005-04-29,37.70999,37.900003,37.099991,37.869999,1281100,10.447359
2005-04-28,37.579985,37.769995,37.050009,37.70999,2236500,10.403217
2005-04-27,38.300007,38.300007,37.560004,37.579985,1801500,10.367352
2005-04-26,38.900015,39.129988,38.400007,38.400007,750600,10.593575
2005-04-25,38.500008,39.000015,38.500008,38.970011,1082200,10.750824
2005-04-22,38.700011,39.019994,38.170003,38.460016,1687600,10.61013
2005-04-21,38.100003,38.800012,37.650013,38.749994,1572900,10.690127
2005-04-20,39.399987,39.620002,36.999991,37.949985,3204900,10.469425
2005-04-19,38.100003,38.919993,38.100003,38.900015,917200,10.731514
2005-04-18,38.009994,38.230008,37.569995,38.069999,1354900,10.502534
2005-04-15,39.049998,39.270015,37.16999,38.049986,3723300,10.497013
2005-04-14,40.099996,40.099996,39.019994,39.489997,1439700,10.894275
2005-04-13,40.250014,40.50,39.939987,40.120009,779800,11.068079
2005-04-12,40.139987,40.569996,39.599988,40.40,737700,11.145322
2005-04-11,40.120009,40.269995,39.999992,40.150014,1349200,11.076357
2005-04-08,40.05001,40.150014,39.890001,40.020009,969300,11.040492
2005-04-07,39.95001,40.080014,39.759997,40.05001,816900,11.048768
2005-04-06,39.999992,40.250014,39.85001,39.899992,679000,11.007382
2005-04-05,40.05001,40.05001,39.829996,39.939987,827500,11.018416
2005-04-04,40.069991,40.150014,39.370015,39.990005,744400,11.032214
2005-04-01,40.199996,40.250014,39.690001,39.969991,751500,11.026693
2005-03-31,40.099996,40.250014,39.880014,40.250014,1611400,11.103944
2005-03-30,40.109986,40.469996,39.999992,40.099996,934800,11.062558
2005-03-29,40.450018,40.700004,39.999992,40.109986,911400,11.065314
2005-03-28,40.40,40.94999,40.299996,40.450018,1011300,11.15912
2005-03-24,40.150014,40.620014,39.910015,40.390009,388300,11.142565
2005-03-23,39.820005,40.209987,39.499988,40.05001,851800,11.048768
2005-03-22,40.439991,40.700004,39.910015,40.069991,665500,11.054281
2005-03-21,41.039999,41.039999,40.390009,40.60,838900,11.200497
2005-03-18,41.749998,41.800016,40.849986,41.14,1212300,11.349469
2005-03-17,40.40,40.879991,40.199996,40.660009,583200,11.217051
2005-03-16,40.700004,40.800004,39.799992,40.279983,691200,11.112212
2005-03-15,41.14999,41.230013,40.67999,40.930009,534600,11.291537
2005-03-14,40.649986,41.449994,40.620014,40.960013,1229800,11.28326
2005-03-11,40.22001,40.919986,40.199996,40.420013,478800,11.134506
2005-03-10,40.150014,40.649986,39.78001,40.32001,515700,11.106958
2005-03-09,40.50,40.700004,40.190005,40.290009,863500,11.098694
2005-03-08,40.760009,41.179995,40.709991,40.930009,1411300,11.274995
2005-03-07,40.199996,40.539995,40.120009,40.539995,910500,11.167558
2005-03-04,39.550006,40.020009,39.280006,39.990005,1135500,11.016052
2005-03-03,38.800012,39.599988,38.789989,39.469983,1430500,10.872802
2005-03-02,38.400007,39.070011,38.339999,38.810002,715600,10.690997
2005-03-01,38.339999,38.619989,37.939995,38.430012,966700,10.58632
2005-02-28,38.000003,38.530012,37.97999,38.339999,930700,10.561525
2005-02-25,37.550013,38.069999,37.550013,38.030007,1018000,10.476131
2005-02-24,37.299995,37.70999,37.139986,37.550013,716800,10.343907
2005-02-23,37.399995,37.679986,37.299995,37.309982,496900,10.277786
2005-02-22,37.409986,37.97999,36.99,37.329999,563100,10.2833
2005-02-18,37.920016,38.000003,37.53,37.660004,357700,10.374206
2005-02-17,38.389984,38.400007,37.769995,37.820013,1026100,10.418284
2005-02-16,38.200004,38.530012,38.200004,38.44999,1040100,10.591824
2005-02-15,38.34999,38.800012,38.139998,38.430012,729100,10.58632
2005-02-14,38.409998,38.740006,38.360012,38.470007,655300,10.597338
2005-02-11,37.900003,38.630012,37.699999,38.400007,1375200,10.578055
2005-02-10,38.749994,38.830016,37.779986,37.900003,1911700,10.440319
2005-02-09,39.420001,39.420001,38.659984,38.749994,1079500,10.674466
2005-02-08,39.389997,39.890001,39.389997,39.480006,1047700,10.875563
2005-02-07,39.450005,39.699991,39.000015,39.389997,640000,10.850768
2005-02-04,38.209994,40.099996,38.170003,39.569984,2914800,10.900349
2005-02-03,38.34999,38.400007,37.969999,38.360012,715000,10.567038
2005-02-02,38.130008,38.640003,38.020017,38.419989,962700,10.583559
2005-02-01,38.249989,38.500008,38.119985,38.249989,1242900,10.53673
2005-01-31,37.399995,38.249989,37.299995,38.200004,1443100,10.52296
2005-01-28,37.969999,38.090013,37.099991,37.190004,1613800,10.244735
2005-01-27,37.409986,38.849997,37.380014,37.90999,2824200,10.44307
2005-01-26,34.999998,37.849985,34.999998,37.399995,2872300,10.302582
2005-01-25,33.999986,34.83999,33.999986,34.809985,1234800,9.589111
2005-01-24,34.350008,34.39999,33.840013,33.999986,990900,9.365981
2005-01-21,34.750012,34.920012,34.269986,34.269986,436000,9.440358
2005-01-20,35.030003,35.030003,34.510017,34.680016,804100,9.553309
2005-01-19,35.149984,35.249985,34.950016,35.030003,982300,9.64972
2005-01-18,35.020012,35.600006,34.590003,35.230006,1138900,9.704815
2005-01-14,34.760003,35.009989,34.39999,34.999998,1572900,9.641454
2005-01-13,34.739989,34.999998,34.439985,34.609985,915400,9.534017
2005-01-12,34.410017,34.790007,33.870014,34.739989,1462600,9.56983
2005-01-11,34.429995,34.699994,33.950004,34.39999,1480900,9.47617
2005-01-10,33.999986,34.909989,33.999986,34.559999,878100,9.520248
2005-01-07,34.46999,34.499994,34.010009,34.350008,662400,9.462401
2005-01-06,34.089999,34.520007,33.910009,34.369986,1195300,9.467905
2005-01-05,34.729999,34.729999,33.989995,34.080008,1370200,9.388024
2005-01-04,35.619988,35.770006,33.910009,34.729999,904500,9.567077
2005-01-03,35.80001,35.970006,35.590016,35.649989,818700,9.820507
2004-12-31,35.849993,35.959984,35.590016,35.670002,615100,9.82602
2004-12-30,35.740002,35.879997,35.430007,35.649989,1262400,9.820507
2004-12-29,35.700007,36.149997,35.590016,35.679993,957700,9.828772
2004-12-28,35.099999,35.789984,35.099999,35.789984,392100,9.859072
2004-12-27,35.379989,35.449988,34.899998,34.960003,402900,9.630437
2004-12-23,35.249985,35.840002,35.249985,35.500006,338800,9.779191
2004-12-22,35.200002,35.590016,35.090011,35.349985,565800,9.737865
2004-12-21,35.479993,35.479993,34.960003,34.999998,1065100,9.641454
2004-12-20,35.500006,35.719988,35.400003,35.479993,827700,9.773678
2004-12-17,35.500006,35.640001,35.320016,35.539998,1275000,9.790208
2004-12-16,34.739989,36.229983,34.550009,35.860016,2967400,9.878363
2004-12-15,34.650012,34.860003,34.450008,34.739989,648100,9.56983
2004-12-14,34.809985,34.820011,34.280009,34.539986,815500,9.514734
2004-12-13,34.950016,35.050016,34.599994,34.699994,1480200,9.558812
2004-12-10,34.050004,34.950016,33.759991,34.720008,1923900,9.564325
2004-12-09,33.500014,34.19999,33.340005,34.050004,1544500,9.379759
2004-12-08,32.900006,33.389987,32.790015,33.330014,1377100,9.181423
2004-12-07,32.600002,33.729986,32.600002,32.960014,1437700,9.0795
2004-12-06,33.000006,33.000006,32.220011,32.439993,1105200,8.936249
2004-12-03,32.549984,33.019987,32.400001,32.909997,861900,9.049191
2004-12-02,32.719983,33.10001,32.690015,32.700005,967900,8.99145
2004-12-01,32.93001,33.089983,32.539997,32.649987,1243500,8.977697
2004-11-30,33.210001,33.30001,32.579988,32.679989,679000,8.985946
2004-11-29,33.449996,33.65,33.000006,33.270009,642600,9.148183
2004-11-26,33.500014,33.519995,33.310001,33.519995,116100,9.216921
2004-11-24,33.600014,33.880005,33.270009,33.48,542800,9.205924
2004-11-23,33.659987,33.829987,33.310001,33.419992,736600,9.189423
2004-11-22,33.899986,33.899986,33.400014,33.559987,862600,9.227917
2004-11-19,34.359999,34.39,33.899986,34.050004,1075500,9.362656
2004-11-18,33.799982,34.580013,33.75,34.39999,816300,9.458891
2004-11-17,33.600014,34.359999,33.600014,33.92999,807300,9.329656
2004-11-16,33.700018,33.75,33.410001,33.500014,485500,9.211427
2004-11-15,33.899986,33.92999,33.580001,33.92999,556300,9.329656
2004-11-12,33.510005,33.980005,33.30001,33.950004,499600,9.335159
2004-11-11,33.549996,33.799982,33.319991,33.489991,588600,9.208671
2004-11-10,33.819996,33.870014,33.370009,33.400014,606100,9.18393
2004-11-09,33.400014,34.010009,33.38,33.950004,1017400,9.335159
2004-11-08,33.400014,33.500014,33.049992,33.370009,488200,9.17568
2004-11-05,33.449996,33.689991,33.289987,33.510005,742500,9.214174
2004-11-04,33.249992,33.279997,32.700005,33.279997,1120500,9.150929
2004-11-03,33.249992,33.500014,33.130014,33.249992,504900,9.142679
2004-11-02,33.249992,33.489991,32.790015,32.860014,955300,9.035447
2004-11-01,32.800006,33.30001,32.600002,33.149992,758200,9.115182
2004-10-29,32.700005,32.979993,32.539997,32.919987,576400,9.051938
2004-10-28,33.149992,33.149992,32.579988,32.739997,780900,9.002446
2004-10-27,32.700005,33.30001,32.670001,33.149992,998500,9.115182
2004-10-26,32.700005,32.979993,32.630006,32.83001,1180000,9.027197
2004-10-25,32.760011,32.800006,32.230002,32.800006,3075400,9.018947
2004-10-22,32.900006,33.149992,32.700005,33.009997,2853100,9.076688
2004-10-21,31.759998,32.960014,31.399989,32.900006,1981300,9.046444
2004-10-20,30.349991,32.039989,30.349991,31.759998,2011000,8.732978
2004-10-19,30.500009,30.749995,30.100005,30.289983,711600,8.328771
2004-10-18,30.400009,30.559982,29.769997,30.449991,459900,8.372769
2004-10-15,30.659986,30.849999,30.360014,30.400009,817600,8.359025
2004-10-14,30.710004,31.080004,30.559982,30.559982,1004500,8.403013
2004-10-13,30.649995,30.859986,30.619991,30.740005,1104300,8.452513
2004-10-12,30.149987,30.759986,29.97,30.570008,603400,8.405769
2004-10-11,30.41999,30.549995,30.119986,30.24,387600,8.315028
2004-10-08,30.749995,30.929986,30.400009,30.460017,818700,8.375525
2004-10-07,30.900013,31.05999,30.68999,30.88,811500,8.491007
2004-10-06,30.649995,31.000017,30.540004,31.000017,491500,8.524008
2004-10-05,30.810004,30.849999,30.460017,30.649995,753300,8.427763
2004-10-04,30.649995,30.989994,30.549995,30.78999,1009800,8.466257
2004-10-01,30.570008,30.570008,30.249991,30.449991,1271700,8.372769
2004-09-30,30.100005,30.41,30.079991,30.319987,746100,8.337021
2004-09-29,29.599997,30.309996,29.599997,30.270004,523800,8.323278
2004-09-28,29.350011,29.760006,29.290006,29.700001,378900,8.166545
2004-09-27,29.490006,29.720014,29.099993,29.469993,566200,8.1033
2004-09-24,29.769997,29.97,29.530001,29.599997,529200,8.139047
2004-09-23,30.200005,30.200005,29.720014,29.769997,794700,8.185792
2004-09-22,30.61,30.61,30.200005,30.309996,822700,8.334274
2004-09-21,30.700013,30.900013,30.519991,30.619991,432100,8.419513
2004-09-20,30.700013,30.910004,30.400009,30.549995,677800,8.400266
2004-09-17,30.749995,30.949999,30.260014,30.700013,793300,8.441516
2004-09-16,30.300009,30.819995,30.300009,30.540004,684400,8.397519
2004-09-15,30.049987,30.349991,29.809992,30.300009,710200,8.331528
2004-09-14,30.000005,30.249991,29.820014,30.149987,494200,8.290277
2004-09-13,30.149987,30.559982,30.049987,30.179992,679900,8.282027
2004-09-10,29.800001,30.109996,29.490006,30.000005,1448100,8.232635
2004-09-09,29.290006,29.749983,29.239988,29.679987,559500,8.144815
2004-09-08,29.199993,29.439992,29.199993,29.280015,505500,8.035054
2004-09-07,28.899989,29.239988,28.899989,29.190002,749200,8.010353
2004-09-03,28.990002,28.999992,28.629989,28.720002,361300,7.881375
2004-09-02,28.45999,29.290006,28.429989,29.239988,660300,8.02407
2004-09-01,28.699988,28.899989,28.519998,28.550002,523900,7.834723
2004-08-31,28.869988,28.939984,28.159989,28.550002,740700,7.834723
2004-08-30,28.810012,29.099993,28.570016,28.799989,397500,7.903325
2004-08-27,28.840016,29.239988,28.799989,29.020006,536500,7.963702
2004-08-26,29.250011,29.32001,28.929993,28.950007,500800,7.944493
2004-08-25,29.260001,29.550015,29.020006,29.360002,373500,8.057004
2004-08-24,29.499997,29.599997,29.15001,29.350011,540900,8.054263
2004-08-23,29.250011,29.499997,29.199993,29.250011,544000,8.02682
2004-08-20,28.710011,29.160001,28.550002,29.139988,499500,7.996628
2004-08-19,29.15001,29.220006,28.570016,28.710011,535200,7.878633
2004-08-18,28.629989,29.139988,28.389994,29.120006,694800,7.991144
2004-08-17,28.799989,29.290006,28.729993,28.829993,436600,7.911559
2004-08-16,28.699988,28.999992,28.399984,28.740016,717700,7.886867
2004-08-13,28.599985,28.840016,28.510008,28.699988,601300,7.875883
2004-08-12,28.929993,28.929993,28.18999,28.610011,814600,7.851191
2004-08-11,29.350011,29.350011,28.510008,28.929993,1115700,7.939001
2004-08-10,28.880011,29.639992,28.880011,29.52001,1423800,8.100914
2004-08-09,28.939984,29.209984,28.750006,28.829993,1117000,7.911559
2004-08-06,29.900001,29.900001,28.750006,28.939984,715600,7.941742
2004-08-05,30.719991,30.719991,29.87,30.000005,893700,8.232635
2004-08-04,30.500009,30.749995,30.219987,30.700013,532800,8.424732
2004-08-03,30.800013,30.800013,30.209996,30.500009,651600,8.369846
2004-08-02,30.800013,30.900013,30.230009,30.900013,701200,8.479616
2004-07-30,30.749995,30.870012,30.300009,30.840008,648100,8.463149
2004-07-29,30.600013,30.989994,30.559982,30.900013,835800,8.479616
2004-07-28,30.449991,30.840008,29.939996,30.530013,789000,8.37808
2004-07-27,30.619991,30.619991,30.279995,30.41,1626700,8.345146
2004-07-26,30.919995,31.450004,30.279995,30.619991,1394500,8.402772
2004-07-23,31.59999,31.59999,30.859986,30.910004,1405900,8.482358
2004-07-22,31.859999,32.120011,31.15999,31.710016,1350100,8.701898
2004-07-21,30.449991,31.939988,30.449991,31.850011,3080700,8.740315
2004-07-20,30.500009,30.630014,30.300009,30.400009,1409400,8.342404
2004-07-19,30.489986,30.530013,30.24,30.400009,882400,8.342404
2004-07-16,30.679999,30.870012,30.389986,30.389986,742000,8.339654
2004-07-15,30.659986,30.759986,30.500009,30.679999,1729900,8.419239
2004-07-14,30.549995,30.910004,30.349991,30.659986,1155700,8.413747
2004-07-13,30.579999,31.029986,30.559982,30.700013,1195300,8.424732
2004-07-12,30.740005,30.740005,30.160013,30.579999,940500,8.391797
2004-07-09,30.500009,31.099985,30.500009,30.740005,997800,8.435706
2004-07-08,30.230009,30.700013,29.939996,30.500009,1108300,8.369846
2004-07-07,30.100005,30.470005,29.909992,30.100005,1632700,8.260077
2004-07-06,30.179992,30.41,29.990014,29.990014,941500,8.229893
2004-07-02,30.549995,30.61,29.900001,30.179992,1162900,8.282027
2004-07-01,30.749995,30.900013,30.360014,30.759986,1249300,8.441189
2004-06-30,30.749995,31.000017,30.670009,30.900013,1476100,8.479616
2004-06-29,30.149987,30.980003,30.070001,30.910004,1171900,8.482358
2004-06-28,30.070001,30.289983,29.979991,30.090014,1253700,8.257335
2004-06-25,29.979991,30.300009,29.87,30.179992,1961100,8.282027
2004-06-24,30.179992,30.179992,29.749983,29.860009,894600,8.194217
2004-06-23,29.700001,30.179992,29.369992,29.96001,1246000,8.221659
2004-06-22,29.05001,29.650015,28.939984,29.530001,1232500,8.103656
2004-06-21,29.399997,29.399997,28.890001,28.969988,816700,7.949976
2004-06-18,29.399997,29.760006,29.380015,29.450014,1008400,8.081706
2004-06-17,29.550015,29.650015,29.099993,29.409987,1779300,8.070721
2004-06-16,28.999992,29.79001,28.850006,29.720014,1564800,8.155799
2004-06-15,27.760017,29.250011,27.700008,29.080011,1715800,7.980169
2004-06-14,27.700008,27.930016,27.630012,27.740003,695800,7.612442
2004-06-10,27.64999,28.119994,27.600008,27.949994,585100,7.653601
2004-06-09,27.900012,27.979999,27.539999,27.54999,479800,7.544068
2004-06-08,27.619986,28.119994,27.44999,28.000012,1038300,7.667298
2004-06-07,27.400004,27.879998,27.209991,27.870008,530100,7.631699
2004-06-04,26.930002,27.360013,26.799998,27.149986,523800,7.434534
2004-06-03,27.300004,27.300004,26.879985,26.879985,645400,7.360599
2004-06-02,27.309995,27.519986,27.120014,27.439999,855100,7.513949
2004-06-01,26.769994,27.249986,26.769994,27.109991,671800,7.423582
2004-05-28,26.739989,27.069996,26.569991,27.009991,924700,7.396198
2004-05-27,26.750014,26.899998,26.499994,26.739989,648900,7.322263
2004-05-26,26.350008,26.750014,26.210014,26.750014,678300,7.325008
2004-05-25,26.410016,26.820011,26.150006,26.490003,633100,7.253809
2004-05-24,26.310015,26.550012,26.190001,26.410016,496000,7.231906
2004-05-21,25.91001,26.390003,25.770015,26.380012,774100,7.22369
2004-05-20,25.899986,26.169986,25.719997,25.899986,363700,7.092244
2004-05-19,25.999988,26.539987,25.729988,25.750002,603600,7.051173
2004-05-18,26.099988,26.399992,25.950004,25.959994,794400,7.108676
2004-05-17,25.799986,26.390003,25.699984,25.919999,863500,7.097724
2004-05-14,26.110012,26.290001,25.819999,25.92999,854500,7.10046
2004-05-13,25.600016,26.290001,25.600016,26.050006,672300,7.133324
2004-05-12,26.099988,26.099988,25.349996,25.799986,966700,7.06486
2004-05-11,25.780004,26.280012,25.580002,26.280012,1005300,7.196307
2004-05-10,25.889997,26.059995,25.140004,25.780004,716800,7.059389
2004-05-07,26.329994,26.709987,25.889997,25.91001,402900,7.094989
2004-05-06,26.899998,26.899998,26.19999,26.580014,972000,7.278457
2004-05-05,26.539987,27.139995,26.539987,27.049982,689800,7.407149
2004-05-04,26.529998,26.950016,26.46999,26.539987,1503900,7.267496
2004-05-03,26.499994,26.590005,26.19999,26.529998,922000,7.264761
2004-04-30,26.550012,26.699996,26.299992,26.499994,552100,7.256545
2004-04-29,27.120014,27.160009,26.380012,26.560001,411300,7.272977
2004-04-28,27.00,27.290013,26.799998,27.039995,949900,7.404415
2004-04-27,27.00,27.44999,26.939993,27.209991,1026000,7.450965
2004-04-26,27.319982,27.44999,26.930002,27.00,1503100,7.393463
2004-04-23,27.849994,27.849994,27.600008,27.619986,1208800,7.563235
2004-04-22,27.749994,27.809999,27.600008,27.700008,1472400,7.585147
2004-04-21,27.54999,28.899989,27.54999,27.749994,2727600,7.598835
2004-04-20,26.990009,27.349986,26.969996,27.300004,1237900,7.475613
2004-04-19,26.899998,27.00,26.390003,27.00,280000,7.393463
2004-04-16,26.650012,26.879985,26.310015,26.799998,515700,7.338696
2004-04-15,26.73,26.979986,26.509985,26.72001,650700,7.316792
2004-04-14,26.620009,26.939993,26.439987,26.72001,541300,7.316792
2004-04-13,26.899998,27.10,26.609985,26.609985,915900,7.286664
2004-04-12,26.899998,27.200004,26.709987,26.950016,571000,7.379775
2004-04-08,26.769994,26.909989,26.620009,26.850016,430200,7.352392
2004-04-07,26.699996,26.809987,26.339985,26.609985,470400,7.286664
2004-04-06,26.599996,26.799998,26.420006,26.690007,464400,7.308577
2004-04-05,26.499994,26.920012,26.46999,26.709987,567000,7.314048
2004-04-02,26.499994,26.750014,26.46999,26.590005,588700,7.281193
2004-04-01,25.799986,26.320005,25.799986,26.169986,678600,7.166178
2004-03-31,25.500015,25.819999,25.259984,25.640011,1370800,7.021054
2004-03-30,25.300013,25.500015,25.149994,25.500015,867600,6.982719
2004-03-29,24.409992,25.570013,24.409992,25.440007,1530100,6.966287
2004-03-26,23.899995,24.390011,23.799993,24.390011,1178100,6.678764
2004-03-25,23.289998,23.939988,23.250003,23.799993,721000,6.517199
2004-03-24,23.140012,23.459996,23.140012,23.140012,388000,6.336475
2004-03-23,23.259994,23.369985,23.050001,23.189996,291700,6.350162
2004-03-22,23.320001,23.410012,22.989994,23.059992,568300,6.314562
2004-03-19,23.950013,23.950013,23.499989,23.569987,1231300,6.454215
2004-03-18,24.020011,24.050013,23.469987,23.899995,466600,6.544582
2004-03-17,23.750011,24.060004,23.699993,23.939988,453700,6.555534
2004-03-16,23.550007,23.850011,23.520004,23.580011,425400,6.45696
2004-03-15,24.099997,24.250017,23.539984,23.550007,734500,6.448744
2004-03-12,23.620005,24.169995,23.550007,24.150015,354600,6.613046
2004-03-11,24.250017,24.250017,23.610016,23.620005,649900,6.467912
2004-03-10,24.500003,24.549986,24.199999,24.250017,816300,6.640429
2004-03-09,24.400001,24.469999,24.260006,24.30999,469800,6.64042
2004-03-08,24.870003,24.870003,24.439995,24.449985,571600,6.67866
2004-03-05,24.679992,25.140004,24.600003,24.989985,463900,6.826164
2004-03-04,24.649987,24.800005,24.400001,24.749989,843900,6.760608
2004-03-03,24.800005,24.84999,24.349983,24.739999,739800,6.757879
2004-03-02,25.170007,25.670013,24.770003,24.919987,488700,6.807044
2004-03-01,24.709994,25.270009,24.700005,25.10001,1017900,6.856218
2004-02-27,49.950001,49.950001,49.239966,49.650029,727600,6.781102
2004-02-26,49.499979,49.969979,49.479997,49.839974,358300,6.807044
2004-02-25,48.899971,49.829984,48.800002,49.610002,626400,6.775635
2004-02-24,49.019984,49.639974,48.800002,49.000006,549400,6.692323
2004-02-23,49.600011,49.930019,48.910029,49.009994,551400,6.693687
2004-02-20,49.699979,49.860023,49.250025,49.699979,487300,6.787924
2004-02-19,50.249969,50.519969,49.600011,49.619992,496000,6.776999
2004-02-18,50.330024,50.660032,49.950001,50.080005,384000,6.839827
2004-02-17,49.899983,50.390032,49.899983,50.390032,393400,6.88217
2004-02-13,49.950001,50.480009,49.870014,49.990028,864600,6.827538
2004-02-12,49.450028,50.120032,49.450028,50.049969,1077900,6.835725
2004-02-11,49.349993,49.860023,49.089984,49.450028,948300,6.753786
2004-02-10,49.549996,49.600011,49.019984,49.450028,1493700,6.753786
2004-02-09,50.299987,50.569987,49.530015,49.540006,883500,6.766075
2004-02-06,50.000018,50.400023,49.899983,50.390032,886200,6.88217
2004-02-05,50.499991,50.559996,50.000018,50.150001,847000,6.849387
2004-02-04,50.499991,50.660032,50.309978,50.499991,1197400,6.897188
2004-02-03,50.699991,50.800027,50.439982,50.519969,762700,6.899917
2004-02-02,51.490012,51.760012,50.660032,50.750009,1140700,6.931335
2004-01-30,50.750009,51.529972,50.21001,51.500003,1255500,7.033768
2004-01-29,50.299987,50.649974,50.049969,50.559996,938800,6.905383
2004-01-28,50.499991,50.979982,50.000018,50.140014,1457200,6.848023
2004-01-27,50.280009,50.550009,50.039978,50.229991,632400,6.860312
2004-01-26,50.200019,50.449973,49.870014,50.359996,476500,6.878068
2004-01-23,50.499991,50.789969,50.120032,50.309978,698500,6.871236
2004-01-22,50.800027,50.919976,50.410013,50.550009,573700,6.904019
2004-01-21,50.940022,50.979982,50.589968,50.899995,764700,6.95182
2004-01-20,50.150001,50.950013,49.950001,50.940022,1505200,6.957287
2004-01-16,50.190032,50.299987,49.899983,50.150001,368500,6.849387
2004-01-15,49.850033,50.190032,49.810005,50.190032,854500,6.854854
2004-01-14,49.950001,50.330024,49.880001,50.039978,398200,6.83436
2004-01-13,49.749997,49.969979,49.600011,49.950001,663400,6.822071
2004-01-12,49.899983,50.000018,49.730019,50.000018,583800,6.828903
2004-01-09,49.899983,50.120032,49.600011,50.000018,892900,6.828903
2004-01-08,49.909974,49.950001,49.559984,49.899983,434700,6.81524
2004-01-07,49.530015,49.889992,49.499979,49.810005,390700,6.802951
2004-01-06,49.880001,49.880001,49.489988,49.520024,869400,6.763346
2004-01-05,49.149989,50.000018,48.920016,50.000018,826200,6.828903
2004-01-02,48.34998,49.000006,48.250012,48.939998,621600,6.684127
2003-12-31,48.399998,48.500034,48.120008,48.260003,465000,6.591255
2003-12-30,48.61998,48.61998,48.320011,48.440025,314500,6.615842
2003-12-29,48.770034,48.85002,48.30003,48.549984,465700,6.63086
2003-12-26,48.61998,48.730006,48.500034,48.669998,110700,6.647251
2003-12-24,48.500034,48.710025,48.450016,48.61998,193000,6.64042
2003-12-23,48.749985,48.749985,48.359971,48.549984,543300,6.63086
2003-12-22,48.390007,48.819984,48.230031,48.819984,589900,6.667736
2003-12-19,48.399998,48.450016,47.780009,48.390007,494700,6.609011
2003-12-18,47.370014,48.500034,47.300018,48.500034,695200,6.624038
2003-12-17,46.799978,47.440013,46.529978,47.440013,758700,6.479262
2003-12-16,46.999978,46.999978,46.220019,46.579996,398200,6.361803
2003-12-15,47.119995,47.380005,46.750028,46.929982,481900,6.409603
2003-12-12,46.500006,46.869974,46.170001,46.869974,963900,6.401407
2003-12-11,45.750015,46.589983,45.750015,46.410029,867300,6.338589
2003-12-10,46.599974,46.830014,45.830002,45.839993,1110300,6.260735
2003-12-09,47.300018,47.399986,46.589983,46.649992,568900,6.371363
2003-12-08,46.950031,47.220031,46.599974,47.180004,778200,6.443751
2003-12-05,47.189991,47.269981,46.890023,47.009969,284800,6.420528
2003-12-04,47.749972,47.749972,47.199982,47.290027,512200,6.458777
2003-12-03,48.050009,48.149977,47.659995,47.819972,986800,6.531156
2003-12-02,47.500022,48.33999,47.399986,48.149977,1260100,6.568032
2003-12-01,47.300018,47.990003,47.300018,47.900026,1059000,6.533937
2003-11-28,46.849996,47.300018,46.690019,47.300018,165300,6.452091
2003-11-26,46.999978,47.009969,46.659983,46.859986,345600,6.392067
2003-11-25,46.900014,47.069978,46.570005,46.989991,612900,6.409801
2003-11-24,46.19997,46.999978,46.19997,46.999978,501400,6.411163
2003-11-21,45.750015,46.350023,45.64998,46.049984,550000,6.281577
2003-11-20,46.15002,46.19997,45.389971,45.64998,1387800,6.227013
2003-11-19,46.500006,46.640001,46.070033,46.269969,1071100,6.311584
2003-11-18,46.399974,46.900014,46.399974,46.579996,848400,6.353874
2003-11-17,45.800033,46.539969,45.600029,46.449991,1652400,6.336141
2003-11-14,47.199982,47.290027,46.500006,46.579996,1281700,6.353874
2003-11-13,47.549969,47.599986,47.209973,47.290027,984100,6.450728
2003-11-12,46.999978,47.650004,46.989991,47.549969,806500,6.486186
2003-11-11,47.049996,47.230019,46.799978,46.999978,671500,6.411163
2003-11-10,47.700022,47.840017,47.110005,47.300018,803200,6.452091
2003-11-07,47.850008,48.050009,47.500022,48.050009,868600,6.554395
2003-11-06,47.679976,47.869986,47.25,47.700022,1563300,6.506655
2003-11-05,47.780009,47.990003,47.319996,47.729991,820000,6.510743
2003-11-04,47.900026,48.250012,47.700022,47.879977,1303300,6.531202
2003-11-03,46.849996,47.999994,46.849996,47.999994,1130500,6.547573
2003-10-31,47.349968,47.500022,46.539969,47.049996,1418800,6.417986
2003-10-30,47.500022,47.500022,47.100014,47.349968,691800,6.458905
2003-10-29,46.46997,47.500022,46.46997,47.420032,1367500,6.468462
2003-10-28,45.750015,46.500006,45.449976,46.46997,1073200,6.338866
2003-10-27,44.099977,45.750015,44.099977,45.589971,1336500,6.218827
2003-10-24,44.750003,45.189967,44.050027,44.250031,1777900,6.036049
2003-10-23,45.249975,45.249975,44.549999,44.800021,789000,6.111072
2003-10-22,45.299993,45.680016,45.169989,45.400029,847800,6.192918
2003-10-21,45.000021,46.249988,44.499982,45.900001,1937200,6.261118
2003-10-20,46.599974,47.170013,45.499994,46.919992,577000,6.400252
2003-10-17,47.739982,47.739982,46.680028,46.690019,581800,6.368882
2003-10-16,47.150032,48.409989,47.079968,47.729991,1339200,6.510743
2003-10-15,46.300006,47.599986,46.100002,47.269981,1273600,6.447994
2003-10-14,45.900001,46.15002,45.750015,46.049984,527100,6.281577
2003-10-13,45.680016,46.290015,45.680016,46.059975,300300,6.282939
2003-10-10,45.800033,46.170001,45.699998,45.779984,305100,6.244746
2003-10-09,45.950016,46.490019,45.560002,45.699998,452200,6.233836
2003-10-08,46.049984,46.19997,45.699998,45.699998,523000,6.233836
2003-10-07,45.249975,46.70001,45.239985,45.960007,1390500,6.269303
2003-10-06,44.899989,45.550012,44.810008,45.400029,415000,6.192918
2003-10-03,44.849971,45.299993,44.750003,44.930025,603400,6.128805
2003-10-02,44.750003,44.950004,44.320027,44.450031,723600,6.063331
2003-10-01,42.999997,44.750003,42.91002,44.750003,1239300,6.104249
2003-09-30,43.429973,43.429973,42.380011,42.860002,1141300,5.846438
2003-09-29,43.699973,43.899974,43.299969,43.47,995500,5.929647
2003-09-26,43.499969,43.650023,43.200001,43.499969,1084600,5.933735
2003-09-25,44.200013,44.239972,43.499969,43.510028,621000,5.935107
2003-09-24,44.600017,44.699985,43.990018,44.099977,1288500,6.01558
2003-09-23,44.200013,44.720031,44.200013,44.600017,1648900,6.08379
2003-09-22,44.149995,44.759994,43.769969,44.200013,1399900,6.029226
2003-09-19,44.050027,44.709976,43.899974,44.299981,899700,6.042863
2003-09-18,44.000009,44.250031,43.619986,44.050027,1534900,6.008767
2003-09-17,42.660001,43.800009,42.660001,43.590014,1979100,5.946018
2003-09-16,41.570011,42.749979,41.570011,42.660001,1199400,5.819156
2003-09-15,41.080027,41.630017,41.010031,41.570011,1165000,5.670473
2003-09-12,40.960013,41.339971,40.659977,41.080027,867300,5.603636
2003-09-11,40.550018,41.139968,40.50,41.119986,816000,5.600901
2003-09-10,41.399977,41.399977,40.340023,40.50,1108900,5.516454
2003-09-09,41.750034,41.919998,41.500012,41.55003,675600,5.659477
2003-09-08,41.900017,42.199988,41.59998,41.690025,775500,5.678545
2003-09-05,42.219967,42.219967,41.729985,41.809972,577000,5.694883
2003-09-04,42.399989,42.549975,42.300024,42.469988,780900,5.784783
2003-09-03,42.700028,42.840024,42.399989,42.450007,871300,5.782061
2003-09-02,41.989994,42.949979,41.900017,42.780015,710700,5.827011
2003-08-29,41.849999,41.989994,41.700016,41.960025,342100,5.715322
2003-08-28,41.430016,41.929989,40.989982,41.900017,391500,5.707148
2003-08-27,41.55003,41.55003,41.300009,41.440004,816700,5.64449
2003-08-26,41.82003,41.919998,41.300009,41.620026,544000,5.669011
2003-08-25,42.199988,42.209979,41.620026,41.890029,988200,5.705788
2003-08-22,42.65001,42.68997,42.149971,42.250006,1340500,5.75482
2003-08-21,42.199988,42.749979,42.149971,42.65001,882900,5.809304
2003-08-20,41.500012,42.450007,41.300009,42.199988,1350000,5.748007
2003-08-19,42.10002,42.430029,41.840011,41.980006,969900,5.718043
2003-08-18,40.890014,42.149971,40.750022,42.119998,1067100,5.737111
2003-08-15,40.950022,40.970003,40.760009,40.890014,321300,5.569577
2003-08-14,40.490009,40.940031,40.049978,40.849986,969300,5.564125
2003-08-13,39.849974,40.400032,39.800024,40.400032,831600,5.502837
2003-08-12,39.649974,39.880014,39.600023,39.820005,618300,5.423832
2003-08-11,39.600023,39.759997,39.530024,39.690001,457600,5.406125
2003-08-08,39.249966,39.690001,39.249966,39.660029,625000,5.402042
2003-08-07,39.200016,39.439979,39.050033,39.350002,620200,5.359814
2003-08-06,39.299984,39.499988,39.060024,39.299984,605400,5.353001
2003-08-05,39.639983,39.649974,39.320033,39.350002,823500,5.359814
2003-08-04,39.540015,39.839983,39.350002,39.639983,676900,5.399312
2003-08-01,39.519969,39.699991,39.44997,39.639983,1010400,5.399312
2003-07-31,39.750006,39.800024,39.480006,39.559996,975300,5.388417
2003-07-30,40.000028,40.000028,39.499988,39.68001,514900,5.404764
2003-07-29,39.779978,40.000028,39.499988,40.000028,769500,5.448353
2003-07-28,39.750006,39.969991,39.480006,39.750006,574300,5.414298
2003-07-25,39.44997,40.000028,39.350002,39.849974,830200,5.427914
2003-07-24,39.750006,39.750006,39.40002,39.470019,820800,5.376161
2003-07-23,39.499988,39.600023,38.759984,39.579974,1081900,5.391138
2003-07-22,38.800012,39.600023,38.250021,39.499988,1269000,5.380243
2003-07-21,39.499988,39.979979,38.769975,39.299984,820800,5.353001
2003-07-18,38.800012,39.71997,38.790021,39.709979,612100,5.408846
2003-07-17,39.499988,39.769987,38.530012,38.600011,1787400,5.257658
2003-07-16,39.95001,40.090005,39.340011,39.690001,645300,5.406125
2003-07-15,39.649974,40.070024,39.41001,40.000028,1009000,5.448353
2003-07-14,40.599968,40.599968,39.379974,39.600023,819400,5.393869
2003-07-11,39.800024,40.179982,39.759997,40.179982,818700,5.472864
2003-07-10,39.299984,39.909983,39.159989,39.620002,1495800,5.39659
2003-07-09,39.71997,39.71997,39.13002,39.460028,1424800,5.3748
2003-07-08,38.450025,39.849974,38.450025,39.699991,1163700,5.407485
2003-07-07,38.689988,39.40002,38.569971,38.58003,1273000,5.254937
2003-07-03,38.07999,38.800012,38.07999,38.689988,1254100,5.269914
2003-07-02,37.500031,38.139998,37.479982,38.120017,1181200,5.192279
2003-07-01,36.749969,37.619977,36.700019,37.500031,2115400,5.107832
2003-06-30,37.759972,37.879986,36.650001,36.650001,4887000,4.99205
2003-06-27,38.099971,38.450025,37.650013,37.799999,1131300,5.14869
2003-06-26,37.910026,38.499975,37.759972,38.099971,1261500,5.189549
2003-06-25,37.650013,38.400007,37.549981,37.970031,909100,5.17185
2003-06-24,37.710022,38.190016,37.559968,37.700031,1362100,5.135073
2003-06-23,38.400007,38.400007,37.609986,37.710022,1019800,5.136434
2003-06-20,38.450025,38.699976,38.34999,38.479994,946900,5.241311
2003-06-19,38.200004,38.600011,38.000003,38.270003,995500,5.212708
2003-06-18,38.180025,38.34999,37.949985,38.250021,1111600,5.209987
2003-06-17,38.499975,38.499975,37.80999,38.190016,571000,5.201814
2003-06-16,37.759972,38.499975,37.759972,38.470007,749200,5.239951
2003-06-13,38.450025,38.609999,38.000003,38.009994,898300,5.177293
2003-06-12,38.380026,39.159989,38.330011,38.58003,1040100,5.254937
2003-06-11,37.349977,38.219985,37.120005,38.209994,857200,5.196361
2003-06-10,36.999991,37.450013,36.949973,37.450013,491400,5.093008
2003-06-09,37.510021,37.799999,36.910013,36.920001,640500,5.020929
2003-06-06,38.099971,38.250021,37.450013,37.599999,1327600,5.113405
2003-06-05,37.799999,38.04003,37.500031,37.949985,721500,5.161002
2003-06-04,37.349977,37.930004,37.209982,37.899967,743800,5.154199
2003-06-03,36.869986,37.500031,35.249985,37.349977,1052200,5.079404
2003-06-02,37.460004,37.700031,37.050009,37.120005,800500,5.048128
2003-05-30,36.72,37.240018,36.72,37.209982,760000,5.060365
2003-05-29,36.599987,37.100026,36.370014,36.620032,727600,4.980135
2003-05-28,36.300015,36.729991,36.279969,36.599987,1041400,4.977409
2003-05-27,35.589984,36.47997,35.249985,36.399983,1139400,4.950209
2003-05-23,35.999979,35.999979,35.550024,35.589984,845700,4.840054
2003-05-22,36.199979,36.290024,35.750025,36.049996,1102200,4.902613
2003-05-21,36.380001,36.430019,35.789984,36.199979,1094100,4.92301
2003-05-20,36.300015,36.519997,35.729979,36.380001,1846800,4.947492
2003-05-19,37.100026,37.199991,35.65998,36.189992,1651600,4.921651
2003-05-16,37.599999,37.860008,37.100026,37.310018,1040800,5.073969
2003-05-15,37.949985,38.200004,37.359968,37.650013,1112400,5.120207
2003-05-14,38.549993,38.600011,37.599999,37.749982,772800,5.133802
2003-05-13,38.920029,38.920029,38.200004,38.450025,513000,5.229004
2003-05-12,38.660016,39.000015,38.450025,38.930016,573700,5.294281
2003-05-09,38.400007,39.17997,38.299972,38.660016,1293900,5.257562
2003-05-08,38.650029,38.699976,37.889977,38.279994,673600,5.205881
2003-05-07,38.800012,39.229988,38.650029,38.780033,1053600,5.273884
2003-05-06,38.149989,39.089993,38.099971,38.89998,877500,5.290196
2003-05-05,38.549993,38.780033,37.860008,38.08998,673600,5.18004
2003-05-02,37.949985,38.540003,37.790009,38.439967,1036800,5.227636
2003-05-01,37.949985,37.949985,37.079978,37.819981,1025200,5.143322
2003-04-30,37.399995,38.029972,37.230031,37.700031,1274400,5.127009
2003-04-29,36.799987,37.469991,36.640014,37.300027,881500,5.072611
2003-04-28,35.199967,36.890032,35.150017,36.71001,851800,4.992371
2003-04-25,35.709997,35.739966,35.030003,35.099999,736300,4.773418
2003-04-24,35.849993,36.080033,35.360011,35.760015,1304700,4.863177
2003-04-23,35.849993,36.319996,35.379989,36.279969,2818800,4.933888
2003-04-22,35.849993,35.960019,35.610029,35.750025,1719100,4.861818
2003-04-21,36.100011,36.199979,35.750025,35.999979,838300,4.895811
2003-04-17,35.90001,36.300015,35.739966,36.049996,1270300,4.902613
2003-04-16,36.500018,36.700019,35.509994,35.519984,884800,4.830534
2003-04-15,35.709997,36.450001,35.160007,36.380001,689800,4.947492
2003-04-14,34.80003,35.810033,34.779981,35.810033,656700,4.869979
2003-04-11,35.099999,35.500006,34.439985,34.769994,707400,4.728539
2003-04-10,34.760003,35.07003,34.540021,34.84998,678300,4.739417
2003-04-09,35.439998,35.999979,34.56999,34.760003,989500,4.72718
2003-04-08,35.449988,35.700007,35.199967,35.35002,580500,4.80742
2003-04-07,35.750025,36.650001,35.270034,35.410029,929400,4.815581
2003-04-04,35.080021,35.500006,34.859971,35.179989,766800,4.784296
2003-04-03,34.919976,35.38998,34.829999,34.969994,1466100,4.755738
2003-04-02,34.249972,34.859971,33.849968,34.709985,830800,4.720378
2003-04-01,33.009997,33.629986,32.800006,33.600014,994900,4.569428
2003-03-31,33.239969,33.239969,32.600002,33.009997,932800,4.489189
2003-03-28,33.930022,33.959991,33.250028,33.439973,619600,4.547663
2003-03-27,33.800018,34.200022,33.699982,33.930022,676300,4.614307
2003-03-26,34.229991,34.239982,33.730019,33.849968,1054300,4.60342
2003-03-25,33.880005,34.239982,33.590023,34.229991,747900,4.655102
2003-03-24,34.359999,34.359999,33.330014,33.870014,702600,4.606147
2003-03-21,33.899986,34.940025,33.819996,34.859971,1380300,4.740776
2003-03-20,34.490003,34.490003,33.590023,33.75,1474800,4.589825
2003-03-19,34.83999,34.83999,33.909977,34.490003,902400,4.690462
2003-03-18,35.059972,35.11998,34.350008,34.740022,1484200,4.724463
2003-03-17,32.819984,35.059972,32.600002,35.010021,2353600,4.761182
2003-03-14,34.000022,34.150004,32.739997,32.819984,2129500,4.463348
2003-03-13,30.039996,33.359986,30.020018,33.159983,4051300,4.509586
2003-03-12,29.900001,30.010028,29.490006,29.700001,1258800,4.030886
2003-03-11,30.280027,30.599977,29.799969,29.900001,1374300,4.05803
2003-03-10,30.980003,30.980003,30.179992,30.280027,1415400,4.109607
2003-03-07,30.999982,31.259994,30.989994,31.079971,1892700,4.218175
2003-03-06,32.050012,32.050012,30.640004,31.139977,1146100,4.226319
2003-03-05,32.400001,32.759978,31.970025,32.14998,630400,4.363397
2003-03-04,32.15997,32.96997,31.999994,32.300033,539200,4.383762
2003-03-03,32.850023,33.429982,32.089971,32.15997,614200,4.364753
2003-02-28,32.850023,33.410001,32.850023,32.980028,770100,4.476051
2003-02-27,32.300033,33.450031,32.300033,32.829974,612100,4.455686
2003-02-26,32.850023,33.099974,32.170029,32.180016,678300,4.367473
2003-02-25,32.359971,33.019987,31.920007,32.920019,580500,4.467907
2003-02-24,33.099974,33.099974,32.419979,32.419979,603400,4.400041
2003-02-21,32.600002,33.489991,32.530006,33.149992,475800,4.499119
2003-02-20,32.899974,33.349996,32.66001,32.670001,602700,4.433974
2003-02-19,33.699982,33.699982,32.940001,33.070005,619600,4.488263
2003-02-18,32.949991,33.720031,32.949991,33.699982,681000,4.573763
2003-02-14,32.400001,33.099974,32.130002,32.749988,930700,4.44483
2003-02-13,32.409989,32.670001,31.770021,32.359971,942900,4.391897
2003-02-12,33.149992,33.210001,32.450016,32.450016,595300,4.404118
2003-02-11,33.099974,33.600014,32.889983,33.149992,666100,4.499119
2003-02-10,32.829974,33.349996,32.759978,33.039969,625600,4.484186
2003-02-07,33.75,33.800018,32.93001,32.93001,494100,4.469263
2003-02-06,33.619995,33.959991,32.600002,33.499978,1169100,4.546619
2003-02-05,34.29999,34.29999,33.610005,33.619995,1362700,4.562907
2003-02-04,34.359999,34.359999,33.650032,34.29999,1775200,4.655196
2003-02-03,34.540021,34.639986,34.200022,34.359999,1003600,4.663341
2003-01-31,34.420004,34.610017,33.860026,34.499994,2114100,4.682341
2003-01-30,35.999979,36.049996,34.480013,34.519972,1761000,4.685052
2003-01-29,36.599987,36.599987,34.049969,35.999979,3943300,4.885919
2003-01-28,36.599987,37.149974,36.009966,37.100026,840300,5.035217
2003-01-27,37.250009,37.250009,36.189992,36.420029,770100,4.942928
2003-01-24,38.099971,38.110026,37.129995,37.489972,1065700,5.088141
2003-01-23,37.700031,38.320021,37.310018,38.069999,1023900,5.166862
2003-01-22,38.600011,38.600011,37.139986,37.53999,1262800,5.094929
2003-01-21,38.86002,38.86002,38.31003,38.670007,1721800,5.248295
2003-01-17,39.420001,39.420001,38.600011,38.86002,1019800,5.274084
2003-01-16,39.000015,40.099996,39.000015,39.509978,1539000,5.362296
2003-01-15,39.249966,39.68001,38.299972,38.930016,1078600,5.283584
2003-01-14,38.949998,39.219997,38.699976,39.150001,541900,5.31344
2003-01-13,39.499988,39.71997,38.870011,38.949998,1165600,5.286296
2003-01-10,39.099983,39.499988,38.990025,39.41001,668200,5.348729
2003-01-09,38.689988,39.489997,38.689988,39.260024,503500,5.328372
2003-01-08,38.650029,38.870011,38.050021,38.670007,1113700,5.248295
2003-01-07,39.050033,39.050033,37.899967,38.650029,591900,5.245584
2003-01-06,38.149989,39.239979,38.120017,39.050033,1182600,5.299872
2003-01-03,38.89998,38.90997,38.139998,38.400007,537300,5.211651
2003-01-02,38.650029,38.969979,38.439967,38.89998,1246000,5.279507
2002-12-31,37.450013,38.89998,37.100026,38.489985,1316200,5.223863
2002-12-30,37.149974,37.520009,36.960031,37.419976,1148100,5.078641
2002-12-27,37.500031,37.500031,36.939982,36.939982,377200,5.013496
2002-12-26,37.700031,38.159976,37.339987,37.460004,411700,5.084074
2002-12-24,37.939995,37.959976,37.749982,37.780021,265200,5.127506
2002-12-23,37.599999,38.07999,37.300027,37.939995,790300,5.149218
2002-12-20,37.850017,37.850017,37.089968,37.570027,996300,5.099006
2002-12-19,37.799999,38.34999,37.700031,37.879986,599400,5.141074
2002-12-18,38.429976,38.670007,37.599999,37.700031,1649700,5.11665
2002-12-17,37.899967,38.549993,37.899967,38.450025,899700,5.218439
2002-12-16,36.799987,38.159976,36.799987,37.860008,974700,5.138362
2002-12-13,37.949985,37.949985,36.869986,36.890032,453600,5.006717
2002-12-12,37.700031,38.289981,37.450013,38.04003,518400,5.162795
2002-12-11,37.399995,37.749982,37.219973,37.749982,705300,5.123429
2002-12-10,36.650001,37.419976,36.529987,37.390004,961800,5.074573
2002-12-09,37.399995,37.479982,36.549969,36.72,546700,4.98364
2002-12-06,37.240018,37.599999,36.99,37.500031,1281100,5.089506
2002-12-05,37.799999,37.850017,36.929992,37.489972,521100,5.088141
2002-12-04,37.749982,38.04003,37.250009,37.759972,620200,5.124785
2002-12-03,37.899967,38.279994,37.730003,37.869999,993600,5.131574
2002-12-02,37.300027,38.600011,36.900023,38.069999,1377600,5.158675
2002-11-29,37.720013,37.799999,37.170022,37.170022,205200,5.036723
2002-11-27,36.300015,37.759972,36.300015,37.710022,654000,5.109896
2002-11-26,36.100011,36.469979,35.35002,36.199979,915900,4.905278
2002-11-25,37.850017,38.019981,36.17001,36.259988,1576800,4.913409
2002-11-22,37.53999,37.920016,37.139986,37.899967,569700,5.135635
2002-11-21,36.700019,37.640026,36.580005,37.559968,521100,5.089563
2002-11-20,36.300015,36.809978,35.999979,36.659992,432000,4.967612
2002-11-19,36.150029,37.059996,36.049996,36.389992,693100,4.931025
2002-11-18,36.999991,37.149974,35.65998,36.180001,738400,4.902571
2002-11-15,35.849993,36.560024,35.729979,36.150029,952300,4.898509
2002-11-14,35.199967,35.789984,35.099999,35.739966,1065100,4.842944
2002-11-13,35.300002,35.919989,34.709985,35.07003,454900,4.752164
2002-11-12,34.84998,35.700007,34.649977,35.210025,519700,4.771134
2002-11-11,35.099999,35.099999,34.369986,34.600026,899700,4.688476
2002-11-08,34.499994,35.490016,33.75,35.059972,1296000,4.750801
2002-11-07,35.999979,35.999979,35.300002,35.369998,583200,4.792811
2002-11-06,35.550024,36.630023,35.430007,36.510006,752500,4.947288
2002-11-05,36.049996,36.049996,35.300002,35.490016,724200,4.809074
2002-11-04,36.700019,36.850005,36.150029,36.300015,776800,4.918833
2002-11-01,35.270034,36.539978,34.80003,36.469979,965800,4.941864
2002-10-31,35.610029,35.830011,34.709985,35.290012,903700,4.781973
2002-10-30,33.699982,35.649989,33.699982,35.610029,1985800,4.825337
2002-10-29,33.250028,33.860026,32.609993,33.670013,1033300,4.562455
2002-10-28,33.880005,33.880005,33.149992,33.489991,878800,4.538061
2002-10-25,32.69997,33.629986,32.489979,33.629986,739000,4.557031
2002-10-24,33.299978,33.439973,32.530006,32.749988,640500,4.437787
2002-10-23,31.999994,33.149992,31.949976,33.149992,1672600,4.491989
2002-10-22,31.679976,32.250015,31.180004,31.84002,1090000,4.314482
2002-10-21,31.049999,31.59999,30.750031,31.580011,521100,4.279249
2002-10-18,30.579999,31.149967,30.309996,31.149967,498100,4.220976
2002-10-17,30.700013,31.149967,30.529981,30.640004,942300,4.151873
2002-10-16,30.900013,30.900013,29.750018,30.309996,1157500,4.107156
2002-10-15,29.750018,31.500021,29.750018,31.009972,1370200,4.202006
2002-10-14,28.699988,29.600033,28.649971,29.330033,1053600,3.974366
2002-10-11,27.600008,29.15001,27.600008,28.769984,1732000,3.898476
2002-10-10,26.149972,27.149986,26.149972,27.139995,973900,3.677605
2002-10-09,27.639968,27.730013,26.289967,26.349976,895600,3.570553
2002-10-08,27.740003,28.169976,27.110026,27.889986,633700,3.779232
2002-10-07,28.200016,28.480006,27.600008,27.650026,612900,3.746716
2002-10-04,29.350011,29.449979,28.09998,28.159989,1032700,3.815819
2002-10-03,29.400029,30.049987,29.099993,29.210019,940900,3.958103
2002-10-02,29.709991,30.049987,29.309984,29.350011,967900,3.977073
2002-10-01,29.020006,29.750018,28.439976,29.72997,1246600,4.028559
2002-09-30,29.000025,29.499997,28.499985,29.119974,1101600,3.945902
2002-09-27,29.849987,30.150023,29.179979,29.249979,947700,3.963518
2002-09-26,28.569984,30.360014,28.569984,30.030009,805200,4.069216
2002-09-25,28.149998,28.810012,27.949994,28.619998,1129900,3.878153
2002-09-24,28.149998,28.429989,27.800009,27.899977,1054300,3.780586
2002-09-23,29.350011,29.360002,27.940004,28.280003,1432900,3.832081
2002-09-20,29.439992,29.799969,29.290006,29.389974,2124900,3.982488
2002-09-19,29.950019,30.119986,29.430001,29.449979,980700,3.990619
2002-09-18,30.690022,30.879968,29.999969,30.049987,1576000,4.071923
2002-09-17,31.440016,31.549972,30.500009,30.680032,1357300,4.157297
2002-09-16,31.900029,32.300033,31.430025,31.430025,670200,4.258925
2002-09-13,32.600002,32.69997,31.949976,31.990006,945000,4.334805
2002-09-12,33.369974,33.400014,32.600002,32.749988,567600,4.437787
2002-09-11,33.429982,33.800018,33.20001,33.629986,388800,4.5489
2002-09-10,34.099986,34.109977,33.000006,33.340005,1048200,4.509676
2002-09-09,33.75,34.280009,33.239969,34.060027,513000,4.607068
2002-09-06,33.149992,34.060027,33.149992,33.650032,638500,4.551611
2002-09-05,33.810009,33.920032,33.050024,33.050024,502800,4.470452
2002-09-04,32.829974,33.810009,32.800006,33.810009,843000,4.57325
2002-09-03,34.249972,34.249972,32.819984,32.819984,707400,4.439336
2002-08-30,34.550009,35.230006,34.309981,34.400026,574300,4.653058
2002-08-29,34.80003,34.80003,33.489991,34.490003,399600,4.665228
2002-08-28,34.890007,34.890007,33.979973,34.080008,490600,4.609771
2002-08-27,35.300002,35.599971,34.909989,34.909989,927400,4.722037
2002-08-26,35.000034,35.500006,34.620008,35.300002,1101600,4.774791
2002-08-23,35.249985,35.290012,34.940025,35.000034,1057600,4.734217
2002-08-22,35.000034,35.750025,35.000034,35.379989,1115100,4.785611
2002-08-21,34.010009,34.989976,34.010009,34.919976,859200,4.723388
2002-08-20,34.190031,34.899998,33.779969,34.000022,887500,4.598952
2002-08-19,32.749988,34.190031,32.749988,34.190031,1114300,4.624653
2002-08-16,32.499966,33.000006,32.440028,32.640029,1709700,4.414995
2002-08-15,32.730006,32.819984,32.219979,32.499966,1250700,4.39605
2002-08-14,32.42997,32.749988,31.580011,32.69997,754600,4.423103
2002-08-13,33.359986,33.359986,32.42997,32.42997,1296000,4.386582
2002-08-12,33.299978,33.299978,32.450016,33.110032,1374300,4.478569
2002-08-09,33.099974,33.619995,32.549984,33.320024,685800,4.506973
2002-08-08,32.69997,33.250028,32.600002,33.140001,967900,4.482623
2002-08-07,32.800006,33.250028,32.349983,33.190019,1754200,4.489388
2002-08-06,30.710004,33.099974,30.710004,32.730006,1290600,4.427166
2002-08-05,30.700013,31.049999,30.109996,30.51,1167000,4.12688
2002-08-02,32.050012,32.14998,30.649995,30.669976,464400,4.148519
2002-08-01,32.870002,32.949991,31.910016,32.050012,667500,4.335187
2002-07-31,33.190019,33.349996,32.619983,32.870002,689100,4.446102
2002-07-30,33.079996,33.450031,31.84002,33.289987,676900,4.50291
2002-07-29,31.500021,33.180028,31.500021,33.180028,750600,4.488037
2002-07-26,30.900013,31.910016,30.900013,31.700025,984700,4.287847
2002-07-25,30.249991,31.009972,30.220019,30.900013,1978300,4.179635
2002-07-24,29.400029,30.500009,28.060021,30.500009,2287500,4.125529
2002-07-23,29.200028,30.410032,29.200028,29.610023,1952700,4.005147
2002-07-22,32.199998,32.240025,30.399974,30.700013,1314100,4.152582
2002-07-19,32.600002,32.739997,32.130002,32.300033,1161600,4.369006
2002-07-18,33.250028,33.810009,32.559975,32.65002,742500,4.416346
2002-07-17,32.93001,33.530018,32.330002,33.279997,1094100,4.501559
2002-07-16,33.219991,33.800018,32.730006,32.93001,940900,4.454219
2002-07-15,33.549996,33.660023,32.730006,33.47001,1502500,4.527261
2002-07-12,34.000022,34.550009,33.720031,33.800018,1297900,4.571899
2002-07-11,33.650032,33.839977,32.499966,33.819996,2053300,4.574601
2002-07-10,36.049996,36.049996,33.499978,33.670013,1421500,4.554314
2002-07-09,36.500018,36.799987,35.93997,36.049996,654700,4.876238
2002-07-08,37.250009,37.250009,36.16002,36.589996,1998600,4.94928
2002-07-05,35.849993,37.399995,35.849993,37.310018,230100,5.046673
2002-07-03,35.849993,35.90001,35.399971,35.779993,1148100,4.839717
2002-07-02,35.849993,36.249997,35.550024,35.960019,1332400,4.864067
2002-07-01,37.149974,37.250009,35.90001,36.100011,754600,4.883003
2002-06-28,37.549981,38.050021,36.970019,37.250009,1480200,5.038556
2002-06-27,37.570027,38.07999,37.160032,37.629968,803800,5.08995
2002-06-26,37.500031,37.660004,36.949973,37.549981,694500,5.079131
2002-06-25,38.289981,38.699976,37.450013,37.599999,771400,5.085896
2002-06-24,38.149989,38.510034,37.679986,38.099971,1046800,5.153524
2002-06-21,38.200004,38.429976,38.000003,38.060008,991500,5.148119
2002-06-20,38.149989,38.870011,38.050021,38.200004,991500,5.167055
2002-06-19,38.650029,38.89998,37.980022,38.149989,1199400,5.16029
2002-06-18,38.499975,38.949998,38.400007,38.749994,771400,5.241448
2002-06-17,36.599987,37.730003,36.599987,37.730003,760000,5.103481
2002-06-14,36.430019,37.100026,36.269978,36.760028,636400,4.972279
2002-06-13,37.149974,37.180013,36.630023,36.630023,731700,4.954694
2002-06-12,36.900023,37.180013,36.500018,37.180013,645300,5.029088
2002-06-11,36.939982,37.100026,36.609974,36.949973,1801500,4.989855
2002-06-10,36.199979,37.380014,36.17001,36.939982,739800,4.988506
2002-06-07,35.779993,36.269978,35.519984,36.249997,1232500,4.895328
2002-06-06,36.99,36.99,35.960019,36.030015,1156200,4.865621
2002-06-05,36.900023,37.250009,36.760028,36.99,1432900,4.99526
2002-06-04,37.799999,37.799999,36.580005,36.949973,1615900,4.989855
2002-06-03,37.650013,38.219985,37.599999,37.889977,2408400,5.116796
2002-05-31,36.16002,38.050021,36.16002,37.759972,1877800,5.09924
2002-05-30,35.830011,36.16002,35.500006,36.16002,2011500,4.883177
2002-05-29,36.249997,36.249997,35.709997,35.830011,545400,4.838611
2002-05-28,37.149974,37.170022,36.199979,36.690032,452200,4.954751
2002-05-24,37.799999,37.799999,37.190004,37.230031,670900,5.027675
2002-05-23,37.399995,37.749982,36.749969,37.739994,830800,5.096542
2002-05-22,37.430032,38.130008,37.149974,37.489972,861300,5.062778
2002-05-21,39.099983,39.150001,37.110014,37.53,1334400,5.068184
2002-05-20,38.850029,39.499988,38.270003,39.150001,859900,5.286954
2002-05-17,38.650029,39.000015,38.200004,38.850029,487900,5.246445
2002-05-16,38.749994,39.099983,38.439967,38.58003,602100,5.209984
2002-05-15,40.639995,40.639995,38.229976,38.959988,1221000,5.261294
2002-05-14,39.299984,40.709991,38.949998,40.639995,1021900,5.488169
2002-05-13,38.099971,39.080002,37.939995,39.050033,555400,5.273454
2002-05-10,38.699976,38.699976,37.469991,38.240034,648600,5.164069
2002-05-09,38.650029,39.44997,38.499975,38.730016,799200,5.230238
2002-05-08,38.699976,39.029984,38.000003,38.639971,857200,5.218078
2002-05-07,39.489997,39.489997,38.419989,38.549993,543300,5.205927
2002-05-06,39.40002,39.899992,39.289997,39.390029,874800,5.319369
2002-05-03,38.89998,39.499988,38.800012,39.499988,1074600,5.334218
2002-05-02,38.720025,39.249966,38.619989,38.89998,652600,5.253191
2002-05-01,38.730016,38.870011,37.889977,38.619989,669600,5.21538
2002-04-30,37.599999,38.850029,37.570027,38.730016,934200,5.230238
2002-04-29,37.059996,37.399995,36.700019,37.26,801900,5.031722
2002-04-26,36.949973,37.160032,36.729991,37.160032,782200,5.018222
2002-04-25,36.100011,37.149974,35.880029,37.030027,926700,5.000666
2002-04-24,36.300015,36.72,35.90001,36.100011,757900,4.875073
2002-04-23,36.150029,36.300015,35.140029,36.100011,1195300,4.875073
2002-04-22,36.999991,37.100026,35.999979,36.259988,392100,4.896677
2002-04-19,36.500018,37.279981,36.500018,37.100026,379300,5.010119
2002-04-18,37.250009,37.250009,36.350033,36.47997,538600,4.926384
2002-04-17,38.749994,38.749994,37.329999,37.370026,581800,5.04658
2002-04-16,37.799999,38.89998,37.710022,38.619989,568900,5.21538
2002-04-15,38.769975,38.89998,37.799999,37.869999,702600,5.114098
2002-04-12,38.749994,38.870011,38.479994,38.870011,687700,5.249144
2002-04-11,38.390017,38.810002,38.390017,38.650029,532500,5.219436
2002-04-10,37.730003,38.369971,37.599999,38.369971,726300,5.181616
2002-04-09,37.390004,38.04003,37.380014,37.749982,581800,5.097891
2002-04-08,36.599987,37.500031,36.100011,37.349977,548100,5.043873
2002-04-05,36.900023,37.219973,36.599987,36.789996,466300,4.968251
2002-04-04,38.000003,38.009994,36.450001,36.760028,881500,4.964204
2002-04-03,38.400007,38.800012,37.599999,37.949985,781600,5.1249
2002-04-02,37.599999,38.89998,37.399995,38.400007,1086700,5.185673
2002-04-01,36.999991,37.920016,36.869986,37.80999,2202400,5.105995
2002-03-28,37.489972,37.500031,37.100026,37.209982,652600,5.024967
2002-03-27,37.180013,37.899967,37.100026,37.489972,1205500,5.062778
2002-03-26,37.409986,37.689976,36.690032,37.180013,895600,5.02092
2002-03-25,37.700031,38.549993,37.500031,37.559968,1358700,5.072231
2002-03-22,37.199991,37.700031,37.149974,37.700031,931500,5.091145
2002-03-21,38.050021,38.200004,37.640026,37.669995,587800,5.087089
2002-03-20,38.650029,38.650029,38.050021,38.180025,805200,5.155966
2002-03-19,38.979966,38.979966,38.510034,38.650029,963100,5.219436
2002-03-18,39.480006,40.200031,38.600011,39.359993,3821800,5.315312
2002-03-15,38.099971,39.699991,38.099971,39.470019,2477800,5.330171
2002-03-14,37.399995,38.34999,37.289969,38.339999,1146700,5.177569
2002-03-13,36.679973,37.489972,36.350033,37.430032,1110300,5.054684
2002-03-12,36.850005,36.900023,36.580005,36.739979,621000,4.953393
2002-03-11,36.630023,37.510021,35.919989,36.99,1090800,4.987102
2002-03-08,36.799987,37.469991,36.350033,36.630023,928800,4.938568
2002-03-07,35.010021,36.529987,34.960003,36.300015,2025000,4.894076
2002-03-06,34.000022,35.649989,34.000022,35.519984,1341100,4.78891
2002-03-05,34.400026,34.789972,33.849968,33.899986,691200,4.570497
2002-03-04,35.500006,35.500006,34.000022,34.649977,1001700,4.671613
2002-03-01,34.499994,35.849993,34.499994,35.369998,2269900,4.768688
2002-02-28,33.349996,34.979985,33.349996,34.519972,1624600,4.654085
2002-02-27,31.500021,33.20001,31.500021,33.180028,622900,4.47343
2002-02-26,31.949976,31.999994,31.199985,31.380008,568900,4.230746
2002-02-25,32.209988,32.349983,31.549972,31.700025,267900,4.273892
2002-02-22,31.349971,32.199998,31.300021,32.11002,496000,4.329168
2002-02-21,32.450016,32.549984,31.300021,31.349971,491400,4.226696
2002-02-20,32.349983,32.720019,31.949976,32.42997,437400,4.372305
2002-02-19,32.349983,32.780024,32.199998,32.289975,312400,4.35343
2002-02-15,31.999994,32.800006,31.84002,32.409989,477100,4.369611
2002-02-14,32.450016,32.450016,31.929998,31.939988,251700,4.306244
2002-02-13,32.250015,32.489979,32.089971,32.479988,421200,4.379048
2002-02-12,31.500021,32.510024,31.430025,32.359971,813300,4.362867
2002-02-11,30.599977,31.700025,30.550027,31.520003,582400,4.24962
2002-02-08,29.900001,30.649995,29.750018,30.599977,1065700,4.12558
2002-02-07,30.049987,30.090014,29.700001,29.849987,953700,4.024464
2002-02-06,30.150023,30.280027,29.789978,30.049987,776200,4.051428
2002-02-05,29.719979,30.290018,29.709991,29.919983,474400,4.033901
2002-02-04,30.360014,30.360014,29.69001,29.719979,315100,4.006936
2002-02-01,30.160013,30.539969,30.160013,30.459982,409600,4.106705
2002-01-31,29.299996,30.199973,29.210019,30.189982,1081900,4.070303
2002-01-30,29.099993,29.299996,28.60002,29.249979,484600,3.943569
2002-01-29,29.210019,29.299996,28.740016,28.989966,265200,3.908513
2002-01-28,29.299996,29.350011,28.800024,29.200028,231400,3.936835
2002-01-25,29.630001,29.700001,29.039984,29.099993,303700,3.923347
2002-01-24,29.350011,29.750018,29.350011,29.610023,249000,3.992111
2002-01-23,29.249979,29.620014,29.049975,29.449979,534600,3.970534
2002-01-22,29.499997,29.709991,29.18997,29.18997,274000,3.935478
2002-01-18,29.550015,30.020018,29.449979,29.490006,584500,3.97593
2002-01-17,28.60002,29.449979,28.499985,29.449979,378000,3.970534
2002-01-16,29.249979,29.249979,28.509975,28.530021,444100,3.846502
2002-01-15,29.449979,29.509988,29.109983,29.249979,274600,3.943569
2002-01-14,29.909992,30.119986,29.449979,29.449979,598600,3.970534
2002-01-11,30.399974,30.700013,29.849987,29.900001,917200,4.031207
2002-01-10,31.189995,31.430025,30.249991,30.350026,380700,4.091881
2002-01-09,30.449991,31.500021,30.449991,31.100017,469800,4.192997
2002-01-08,30.980003,30.989994,29.999969,30.300009,996900,4.085137
2002-01-07,31.399989,31.430025,30.599977,30.970013,795100,4.175469
2002-01-04,31.900029,31.949976,31.300021,31.32999,630400,4.224002
2002-01-03,31.399989,31.990006,31.209976,31.959967,840300,4.308938
2002-01-02,31.949976,31.949976,30.849999,31.500021,867300,4.246926
2001-12-31,31.850011,32.400001,31.510012,31.889971,691800,4.299501
2001-12-28,32.349983,32.549984,31.949976,31.959967,276000,4.308938
2001-12-27,31.900029,32.289975,31.56003,32.260006,321900,4.34939
2001-12-26,31.990006,31.999994,31.500021,31.999994,334800,4.314334
2001-12-24,32.349983,32.349983,31.59999,31.990006,223300,4.312988
2001-12-21,31.650007,32.349983,31.630026,32.349983,1830600,4.361521
2001-12-20,31.250003,31.799993,30.960022,31.399989,400200,4.23344
2001-12-19,31.749975,31.920007,30.999982,31.160026,531900,4.201087
2001-12-18,31.500021,32.199998,31.500021,31.949976,918000,4.307591
2001-12-17,30.750031,31.650007,30.750031,31.580011,576400,4.257711
2001-12-14,30.500009,30.950031,30.500009,30.900013,479800,4.166032
2001-12-13,30.300009,30.849999,30.290018,30.500009,469800,4.112102
2001-12-12,29.999969,30.350026,29.929973,30.350026,451500,4.091881
2001-12-11,29.999969,30.049987,29.849987,29.999969,899100,4.044685
2001-12-10,30.820027,30.820027,29.750018,30.080024,438000,4.055478
2001-12-07,30.649995,30.960022,30.449991,30.879968,679600,4.163329
2001-12-06,30.869977,31.149967,30.500009,30.849999,647200,4.159288
2001-12-05,29.999969,31.100017,29.999969,30.869977,1058400,4.161982
2001-12-04,29.200028,29.999969,29.200028,29.950019,881500,4.02986
2001-12-03,28.950007,29.15001,28.190025,29.15001,724900,3.922216
2001-11-30,29.72997,29.799969,28.750006,28.849971,953100,3.881845
2001-11-29,29.600033,29.750018,28.429989,29.719979,670900,3.998907
2001-11-28,29.900001,30.150023,29.600033,29.649983,500100,3.989489
2001-11-27,30.500009,30.620026,29.649983,29.900001,591900,4.02313
2001-11-26,30.78,31.160026,30.659986,31.040009,237600,4.176521
2001-11-23,30.100005,30.760021,30.100005,30.760021,136900,4.138848
2001-11-21,29.750018,29.999969,29.280015,29.999969,310500,4.036581
2001-11-20,30.799981,30.799981,29.449979,29.600033,786300,3.982768
2001-11-19,30.039996,30.799981,29.900001,30.799981,934800,4.144225
2001-11-16,29.900001,30.399974,29.859974,30.140032,639900,4.055427
2001-11-15,30.249991,30.249991,29.630001,29.96001,805900,4.031204
2001-11-14,29.350011,30.480031,29.319975,30.249991,391500,4.070222
2001-11-13,29.080011,29.490006,29.080011,29.299996,405600,3.942397
2001-11-12,28.610011,29.490006,28.200016,29.070024,447400,3.911454
2001-11-09,29.600033,29.600033,28.810012,28.860029,460900,3.883199
2001-11-08,28.899989,29.950019,28.899989,29.700001,1593000,3.996219
2001-11-07,28.499985,28.699988,28.379971,28.470016,549400,3.830721
2001-11-06,27.850026,28.800024,27.749994,28.680007,469800,3.858976
2001-11-05,27.800009,28.750006,27.800009,27.800009,1084600,3.74057
2001-11-02,27.879998,28.349999,27.839971,27.870008,628300,3.749988
2001-11-01,26.990009,28.05003,26.939993,27.870008,550000,3.749988
2001-10-31,26.460001,27.450022,26.460001,27.00,663400,3.632926
2001-10-30,26.900032,27.139995,26.310015,26.360032,481900,3.546817
2001-10-29,27.489982,27.520021,26.599996,26.939993,581100,3.624852
2001-10-26,26.599996,28.000012,26.599996,27.499972,600700,3.700199
2001-10-25,26.250008,26.850016,26.090033,26.650012,684400,3.585835
2001-10-24,27.00,27.00,26.250008,26.399992,720900,3.552194
2001-10-23,26.949982,27.299969,26.850016,27.00,941500,3.632926
2001-10-22,26.520007,27.200004,26.45001,26.900032,423900,3.619475
2001-10-19,25.94997,26.70003,25.850002,26.520007,285400,3.568342
2001-10-18,26.549978,26.559967,25.879972,25.879972,333400,3.482224
2001-10-17,27.149986,27.149986,26.74998,26.799998,447400,3.606016
2001-10-16,26.850016,27.299969,26.819978,26.98002,271300,3.630238
2001-10-15,26.850016,26.879985,26.19999,26.850016,606100,3.612746
2001-10-12,27.099968,27.240031,26.850016,27.099968,677700,3.646377
2001-10-11,27.450022,27.699976,26.70003,27.120014,578400,3.649075
2001-10-10,27.099968,27.54999,26.900032,27.250022,469000,3.666568
2001-10-09,27.299969,27.499972,26.74998,27.019981,440100,3.635615
2001-10-08,27.099968,27.209991,26.900032,27.200004,403600,3.659838
2001-10-05,27.749994,27.850026,27.099968,27.260009,612100,3.667911
2001-10-04,27.450022,28.149998,27.330008,27.679995,796500,3.724422
2001-10-03,26.250008,27.54999,26.250008,27.450022,693100,3.693478
2001-10-02,25.850002,26.45001,25.789995,26.149972,1038700,3.518553
2001-10-01,26.269987,26.339985,25.550033,25.799986,882900,3.471461
2001-09-28,24.909998,26.850016,24.909998,26.279978,1900000,3.536045
2001-09-27,23.960002,25.199978,23.960002,24.900007,1772500,3.350367
2001-09-26,24.200033,24.649987,23.800027,23.950013,1418800,3.222542
2001-09-25,24.000031,24.28002,23.449973,24.140024,1075200,3.248109
2001-09-24,22.250025,24.000031,22.209997,23.989972,1904800,3.227919
2001-09-21,21.500032,22.489988,21.370028,22.200007,2554200,2.987074
2001-09-20,25.599982,25.700018,23.46003,23.47002,1566000,3.157958
2001-09-19,27.349986,27.349986,24.399967,25.739977,2815300,3.463387
2001-09-18,28.299984,28.800024,27.400004,27.450022,2002600,3.693478
2001-09-17,29.400029,29.400029,27.400004,28.32003,766000,3.81054
2001-09-10,29.610023,30.599977,29.560005,29.700001,1683400,3.936739
2001-09-07,29.540024,29.849987,28.60002,29.620014,1309500,3.926137
2001-09-06,29.700001,30.399974,28.750006,29.540024,2043100,3.915534
2001-09-05,29.950019,29.950019,29.099993,29.610023,714100,3.924813
2001-09-04,30.399974,30.640004,29.789978,29.919983,550800,3.965898
2001-08-31,30.609968,30.609968,29.649983,30.51,1523400,4.044105
2001-08-30,30.500009,30.649995,30.199973,30.609968,782200,4.057355
2001-08-29,31.300021,31.300021,30.399974,30.690022,2473200,4.067967
2001-08-28,31.399989,31.799993,31.250003,31.59999,465000,4.188583
2001-08-27,31.300021,32.089971,30.649995,31.549972,1634100,4.181953
2001-08-24,32.400001,32.400001,31.110008,31.500021,2079600,4.175332
2001-08-23,32.949991,32.949991,31.59999,32.499966,1209600,4.307875
2001-08-22,33.169973,33.169973,31.949976,32.949991,702000,4.367526
2001-08-21,33.400014,33.410001,33.000006,33.060015,579700,4.382109
2001-08-20,33.279997,33.499978,32.600002,33.499978,637800,4.440427
2001-08-17,34.000022,34.000022,33.050024,33.279997,461700,4.411268
2001-08-16,33.20001,34.000022,33.009997,34.000022,606100,4.506707
2001-08-15,33.540009,33.699982,33.099974,33.260018,600000,4.40862
2001-08-14,32.300033,33.740009,32.300033,33.540009,594600,4.445733
2001-08-13,33.47001,33.699982,32.069993,32.190007,1066500,4.26679
2001-08-10,32.050012,33.849968,31.999994,33.47001,438700,4.436454
2001-08-09,32.100029,32.390011,31.749975,32.050012,509500,4.248233
2001-08-08,32.400001,32.499966,31.939988,32.250015,712000,4.274744
2001-08-07,31.510012,32.499966,31.450004,32.400001,614200,4.294624
2001-08-06,31.850011,31.850011,31.250003,31.500021,671500,4.175332
2001-08-03,31.269981,31.949976,31.250003,31.850011,318600,4.221723
2001-08-02,31.479976,31.60998,31.149967,31.259994,313200,4.143516
2001-08-01,31.300021,31.490034,31.199985,31.479976,803800,4.172675
2001-07-31,31.529994,31.529994,31.149967,31.269981,670200,4.14484
2001-07-30,31.030021,31.700025,30.849999,31.520003,1102200,4.177981
2001-07-27,30.750031,31.199985,30.700013,31.069981,601300,4.11833
2001-07-26,30.350026,30.700013,30.350026,30.550027,1379700,4.04941
2001-07-25,29.649983,30.309996,29.649983,30.309996,463600,4.017594
2001-07-24,30.049987,30.150023,29.309984,29.649983,689800,3.930109
2001-07-23,30.280027,30.280027,29.849987,30.210031,490600,4.004344
2001-07-20,30.449991,30.449991,30.269969,30.280027,420400,4.013622
2001-07-19,30.849999,31.139977,30.300009,30.480031,823500,4.040132
2001-07-18,30.750031,31.250003,30.410032,30.799981,290800,4.082542
2001-07-17,30.269969,30.999982,30.269969,30.960022,274000,4.103755
2001-07-16,30.550027,30.550027,29.999969,30.269969,417700,4.012288
2001-07-13,30.799981,30.799981,30.350026,30.550027,665500,4.04941
2001-07-12,30.300009,31.100017,30.199973,30.799981,969300,4.082542
2001-07-11,30.539969,30.539969,29.750018,30.199973,846400,4.00301
2001-07-10,29.979991,30.690022,29.979991,30.539969,758700,4.048077
2001-07-09,29.900001,29.999969,29.799969,29.950019,370500,3.969879
2001-07-06,30.550027,30.560018,29.719979,29.799969,540000,3.94999
2001-07-05,30.700013,30.999982,30.51,30.799981,347500,4.082542
2001-07-03,30.259982,30.78999,30.150023,30.700013,471700,4.069291
2001-07-02,30.649995,30.649995,30.150023,30.259982,522400,4.010965
2001-06-29,29.470028,30.599977,29.470028,30.550027,778200,4.04941
2001-06-28,29.999969,29.999969,28.550002,29.470028,1275700,3.906256
2001-06-27,30.690022,30.700013,29.989979,29.999969,1133200,3.9765
2001-06-26,29.999969,31.119999,29.950019,30.700013,563500,4.069291
2001-06-25,29.900001,30.150023,29.719979,30.020018,672300,3.979157
2001-06-22,30.049987,30.199973,29.700001,29.979991,1000300,3.973852
2001-06-21,30.140032,30.249991,29.950019,30.010028,544000,3.977833
2001-06-20,29.600033,30.199973,29.449979,30.129974,623700,3.993732
2001-06-19,30.150023,30.210031,29.550015,29.680019,683700,3.934091
2001-06-18,30.150023,30.799981,29.900001,29.900001,845100,3.963249
2001-06-15,29.799969,30.449991,29.799969,30.220019,1041400,4.005668
2001-06-14,30.020018,30.100005,29.799969,29.909992,724900,3.964573
2001-06-13,29.820014,30.599977,29.810024,30.020018,891600,3.979157
2001-06-12,29.999969,29.999969,29.400029,29.880023,1143400,3.952647
2001-06-11,29.070024,30.440004,28.400017,30.020018,2110000,3.971166
2001-06-08,28.400017,29.499997,28.400017,29.070024,1358700,3.845497
2001-06-07,27.850026,28.550002,27.78003,28.400017,681700,3.756866
2001-06-06,27.749994,28.05003,27.499972,27.949994,1347300,3.697335
2001-06-05,26.959973,27.930016,26.949982,27.759981,664800,3.6722
2001-06-04,26.599996,27.349986,26.409983,26.949982,702000,3.56505
2001-06-01,26.660003,26.990009,26.500028,26.829967,585100,3.549174
2001-05-31,26.559967,26.990009,26.500028,26.650012,716100,3.525368
2001-05-30,26.320005,26.939993,26.300026,26.310015,1459300,3.480392
2001-05-29,25.989997,26.45001,25.939979,26.310015,825400,3.480392
2001-05-25,25.90002,26.019967,25.840013,25.980008,654000,3.436738
2001-05-24,26.869995,26.869995,25.550033,25.799986,911200,3.412924
2001-05-23,26.19999,26.850016,25.700018,26.770027,832900,3.541245
2001-05-22,26.120003,26.45001,26.120003,26.300026,818100,3.479071
2001-05-21,25.850002,26.100022,25.700018,26.100022,1310100,3.452614
2001-05-18,26.230028,26.240017,25.749968,25.799986,703300,3.412924
2001-05-17,25.749968,26.549978,25.729988,26.230028,1223100,3.469811
2001-05-16,25.700018,25.980008,25.599982,25.799986,614200,3.412924
2001-05-15,25.90002,25.90002,25.599982,25.67997,416400,3.397047
2001-05-14,25.820033,25.850002,25.620029,25.749968,346900,3.406307
2001-05-11,25.850002,25.850002,25.350029,25.820033,761400,3.415576
2001-05-10,26.759971,26.759971,25.749968,25.91001,936100,3.427478
2001-05-09,27.00,27.27,26.74998,26.759971,701200,3.539914
2001-05-08,27.609999,27.670004,26.860005,27.069996,1444500,3.580926
2001-05-07,27.899977,28.09998,27.600008,27.609999,342100,3.652359
2001-05-04,27.00,27.990022,26.949982,27.990022,535200,3.70263
2001-05-03,27.099968,27.209991,27.029969,27.099968,244300,3.58489
2001-05-02,27.499972,27.590017,27.069996,27.069996,322600,3.580926
2001-05-01,27.499972,27.909967,27.050018,27.650026,491400,3.657654
2001-04-30,27.510031,28.09998,27.450022,27.609999,909900,3.652359
2001-04-27,27.580027,27.580027,27.110026,27.470003,425200,3.63384
2001-04-26,27.200004,27.489982,27.200004,27.479991,854500,3.635161
2001-04-25,27.079987,27.499972,27.00,27.200004,888900,3.598124
2001-04-24,27.089977,27.200004,26.990009,27.050018,377200,3.578283
2001-04-23,27.00,27.149986,26.850016,27.089977,535900,3.583569
2001-04-20,28.250034,28.349999,26.949982,27.00,1297300,3.571666
2001-04-19,27.930016,28.499985,27.850026,28.499985,425200,3.77009
2001-04-18,27.800009,28.05003,27.650026,27.899977,695200,3.690719
2001-04-17,27.050018,27.909967,27.00,27.909967,527100,3.69204
2001-04-16,27.159977,27.159977,26.850016,26.959973,525100,3.566371
2001-04-12,27.250022,27.440031,27.099968,27.409995,352300,3.625902
2001-04-11,27.400004,27.889986,27.050018,27.250022,519000,3.60474
2001-04-10,27.54999,27.740003,27.050018,27.200004,504100,3.598124
2001-04-09,27.050018,27.590017,27.009991,27.489982,459600,3.636483
2001-04-06,27.299969,27.299969,26.900032,26.939993,629100,3.563728
2001-04-05,27.00,27.400004,27.00,27.299969,525100,3.611347
2001-04-04,26.799998,26.990009,26.70003,26.949982,955000,3.56505
2001-04-03,27.050018,27.060009,26.300026,26.74998,759300,3.538593
2001-04-02,27.600008,27.800009,26.949982,26.97003,450100,3.567702
2001-03-30,26.949982,27.600008,26.949982,27.600008,826200,3.651038
2001-03-29,26.74998,27.099968,26.72001,26.990009,487300,3.570345
2001-03-28,26.73,26.949982,26.500028,26.799998,1782600,3.545209
2001-03-27,26.70003,27.00,26.520007,26.759971,579700,3.539914
2001-03-26,26.009977,27.200004,26.009977,26.770027,820800,3.541245
2001-03-23,25.310002,25.999988,24.989985,25.989997,627700,3.438059
2001-03-22,24.85998,25.150027,23.649975,25.10001,697900,3.320328
2001-03-21,25.519995,25.519995,24.770003,24.880028,218700,3.291228
2001-03-20,26.16003,26.19999,25.620029,25.620029,288900,3.389118
2001-03-19,25.319993,26.259997,25.10001,26.18001,518400,3.463195
2001-03-16,26.900032,26.910023,25.490025,25.570013,538600,3.382502
2001-03-15,26.850016,27.00,26.460001,27.00,453600,3.571666
2001-03-14,26.799998,27.419986,26.799998,27.099968,297000,3.58489
2001-03-13,27.800009,27.800009,26.399992,27.050018,338100,3.570345
2001-03-12,27.899977,27.899977,27.689985,27.699976,339400,3.656133
2001-03-09,27.899977,28.000012,27.54999,27.980031,498100,3.693098
2001-03-08,28.149998,28.200016,27.949994,28.060021,193600,3.703656
2001-03-07,28.250034,28.740016,28.05003,28.109971,398200,3.710248
2001-03-06,28.299984,28.520034,28.299984,28.349999,205800,3.74193
2001-03-05,27.850026,28.619998,27.829981,28.400017,307000,3.748532
2001-03-02,27.499972,28.09998,27.499972,27.870008,541900,3.678576
2001-03-01,27.600008,27.609999,27.27999,27.54999,278100,3.636336
2001-02-28,27.699976,27.699976,27.289981,27.600008,410400,3.642938
2001-02-27,27.899977,28.460025,27.749994,27.78003,287500,3.666699
2001-02-26,27.009991,27.930016,27.009991,27.699976,361800,3.656133
2001-02-23,27.069996,27.110026,26.70003,27.110026,233500,3.578265
2001-02-22,27.050018,27.139995,26.900032,27.069996,221400,3.572982
2001-02-21,26.949982,27.499972,26.74998,27.149986,444700,3.58354
2001-02-20,26.250008,27.00,25.799986,26.759971,459600,3.532061
2001-02-16,28.000012,28.000012,27.00,27.019981,585100,3.56638
2001-02-15,28.000012,28.32003,27.749994,28.060021,340200,3.703656
2001-02-14,27.499972,28.000012,27.400004,27.959985,370500,3.690452
2001-02-13,27.299969,27.870008,27.299969,27.400004,479800,3.61654
2001-02-12,26.390003,27.099968,26.390003,27.050018,555400,3.570345
2001-02-09,26.320005,26.500028,26.300026,26.390003,273300,3.483229
2001-02-08,26.45001,26.500028,26.190001,26.320005,312400,3.47399
2001-02-07,26.399992,26.460001,26.269987,26.45001,270000,3.491149
2001-02-06,26.45001,26.689973,26.300026,26.399992,678300,3.484548
2001-02-05,26.300026,26.45001,26.250008,26.399992,193600,3.484548
2001-02-02,26.799998,26.799998,26.139983,26.240017,287500,3.463432
2001-02-01,26.640023,26.689973,26.399992,26.689973,742500,3.522822
2001-01-31,26.45001,26.949982,26.419972,26.640023,960400,3.516229
2001-01-30,26.19999,26.500028,26.170019,26.440021,528400,3.489831
2001-01-29,26.300026,26.440021,26.100022,26.399992,301600,3.484548
2001-01-26,26.562532,26.562532,25.999988,26.375017,248400,3.481251
2001-01-25,26.562532,26.562532,26.312512,26.562532,535900,3.506001
2001-01-24,26.624969,26.812485,26.562532,26.687475,274000,3.522493
2001-01-23,26.624969,26.624969,26.437523,26.624969,473100,3.514242
2001-01-22,26.937495,26.937495,26.500028,26.624969,503500,3.514242
2001-01-19,26.375017,27.062506,26.250008,26.937495,417700,3.555493
2001-01-18,27.437466,27.437466,26.312512,26.500028,635100,3.497751
2001-01-17,26.124997,27.624982,26.062492,27.437466,729600,3.621484
2001-01-16,26.937495,26.937495,25.874977,26.124997,762700,3.448251
2001-01-12,26.74998,27.00,26.250008,26.937495,1441000,3.555493
2001-01-11,27.437466,27.437466,26.937495,27.062506,523800,3.571993
2001-01-10,26.312512,27.687488,26.312512,27.687488,768700,3.654485
2001-01-09,27.062506,27.250022,26.250008,26.437523,1095400,3.489501
2001-01-08,25.375005,27.437466,25.375005,27.437466,1111000,3.621484
2001-01-05,25.749968,25.749968,25.500015,25.625025,674200,3.382259
2001-01-04,25.56252,25.999988,25.3125,25.812472,449500,3.407001
2001-01-03,24.500003,25.937483,24.500003,25.687531,969900,3.390509
2001-01-02,24.937469,24.999975,23.687505,24.687517,1503100,3.258517
2000-12-29,26.437523,26.500028,25.937483,25.937483,1082700,3.423501
2000-12-28,26.874989,26.937495,25.375005,26.437523,1247400,3.489501
2000-12-27,26.250008,26.937495,26.187503,26.937495,388000,3.555493
2000-12-26,26.124997,26.250008,26.124997,26.187503,337500,3.456501
2000-12-22,25.375005,26.124997,25.375005,26.124997,244300,3.448251
2000-12-21,24.999975,25.437511,24.999975,25.375005,662100,3.349259
2000-12-20,24.937469,25.187489,24.812528,25.06248,312400,3.308009
2000-12-19,25.06248,25.06248,24.812528,24.937469,511600,3.291508
2000-12-18,24.750023,25.249995,24.500003,25.06248,370500,3.308009
2000-12-15,24.437497,24.500003,24.374992,24.500003,940200,3.233767
2000-12-14,24.625012,24.687517,24.500003,24.562508,722800,3.242017
2000-12-13,24.625012,24.687517,24.312488,24.374992,907800,3.217267
2000-12-12,24.687517,24.875032,24.562508,24.625012,663400,3.250267
2000-12-11,23.750011,24.750023,23.750011,24.750023,783000,3.266767
2000-12-08,23.37498,23.87502,23.37498,23.87502,383400,3.151275
2000-12-07,22.875008,23.562495,22.875008,23.312475,282700,3.077025
2000-12-06,22.875008,23.187532,22.875008,23.000017,1615200,3.035783
2000-12-05,22.499977,23.000017,22.499977,22.812503,582400,3.003113
2000-12-04,22.749997,22.749997,22.374968,22.499977,1394500,2.961971
2000-12-01,22.749997,22.749997,22.250025,22.687492,847800,2.986656
2000-11-30,22.749997,22.812503,22.687492,22.749997,1782600,2.994884
2000-11-29,22.624988,22.749997,22.499977,22.749997,567000,2.994884
2000-11-28,22.749997,22.875008,22.499977,22.812503,652600,3.003113
2000-11-27,22.250025,22.875008,22.250025,22.812503,2566900,3.003113
2000-11-24,22.000005,22.374968,22.000005,22.374968,434700,2.945514
2000-11-22,21.874995,22.000005,21.812489,22.000005,302400,2.896153
2000-11-21,22.062511,22.125015,21.874995,22.000005,252400,2.896153
2000-11-20,22.18752,22.18752,22.000005,22.062511,224700,2.904381
2000-11-17,21.874995,22.312531,21.874995,22.18752,309100,2.920838
2000-11-16,21.874995,22.000005,21.624975,21.68748,431200,2.855011
2000-11-15,21.562469,22.000005,21.500032,22.000005,516300,2.896153
2000-11-14,21.500032,21.624975,21.375023,21.562469,348900,2.838554
2000-11-13,21.500032,21.562469,21.312517,21.437528,525700,2.822106
2000-11-10,21.187508,21.375023,20.999992,21.375023,1468800,2.813878
2000-11-09,21.9375,21.9375,20.999992,21.375023,291600,2.813878
2000-11-08,21.9375,22.000005,21.812489,21.874995,1621900,2.879696
2000-11-07,21.749985,22.125015,21.500032,22.000005,1046800,2.896153
2000-11-06,21.9375,21.9375,21.500032,21.749985,685800,2.863239
2000-11-03,21.749985,21.9375,21.500032,21.874995,469800,2.879696
2000-11-02,21.375023,21.812489,21.375023,21.749985,747900,2.863239
2000-11-01,21.624975,21.68748,21.437528,21.624975,189000,2.846783
2000-10-31,21.062497,21.749985,20.50002,21.749985,478500,2.863239
2000-10-30,21.187508,21.187508,20.999992,21.062497,720100,2.772736
2000-10-27,21.562469,21.624975,21.187508,21.187508,168700,2.789193
2000-10-26,21.187508,21.749985,21.187508,21.562469,1226400,2.838554
2000-10-25,21.624975,21.624975,21.187508,21.312517,183600,2.80565
2000-10-24,21.500032,21.624975,21.375023,21.624975,420400,2.846783
2000-10-23,21.812489,21.874995,21.375023,21.68748,963100,2.855011
2000-10-20,21.562469,21.9375,21.562469,21.9375,379300,2.887924
2000-10-19,21.437528,21.68748,21.437528,21.562469,513000,2.838554
2000-10-18,21.375023,21.562469,21.250012,21.375023,211200,2.813878
2000-10-17,21.187508,21.624975,20.749972,21.562469,1408600,2.838554
2000-10-16,20.625031,20.999992,20.562525,20.937488,116100,2.75628
2000-10-13,20.124989,20.562525,19.99998,20.562525,350200,2.706918
2000-10-12,20.749972,20.812477,20.124989,20.124989,204400,2.64932
2000-10-11,20.312505,20.999992,20.187495,20.874983,315100,2.748051
2000-10-10,20.625031,20.625031,20.124989,20.312505,997600,2.674005
2000-10-09,20.812477,20.812477,20.50002,20.625031,358300,2.715147
2000-10-06,20.749972,20.999992,20.625031,20.687468,122800,2.723366
2000-10-05,20.937488,21.062497,20.812477,20.999992,255100,2.764508
2000-10-04,20.812477,20.999992,20.687468,20.874983,170700,2.748051
2000-10-03,20.625031,21.125003,20.625031,20.812477,135600,2.739823
2000-10-02,21.187508,21.187508,20.687468,20.749972,293500,2.731594
2000-09-29,20.749972,21.624975,20.50002,21.187508,495400,2.789193
2000-09-28,20.375011,21.187508,20.312505,20.999992,232200,2.764508
2000-09-27,20.812477,20.812477,20.187495,20.375011,504900,2.682233
2000-09-26,20.50002,21.437528,20.437515,20.937488,223300,2.75628
2000-09-25,20.50002,20.50002,20.187495,20.375011,100500,2.682233
2000-09-22,19.874969,20.687468,19.874969,20.50002,156600,2.69869
2000-09-21,20.375011,20.562525,20.062485,20.124989,319200,2.64932
2000-09-20,20.999992,21.062497,20.50002,20.625031,203800,2.715147
2000-09-19,20.562525,20.999992,20.562525,20.999992,474400,2.764508
2000-09-18,20.625031,20.874983,20.562525,20.562525,238200,2.706918
2000-09-15,21.250012,21.250012,20.812477,20.812477,383400,2.739823
2000-09-14,21.500032,21.624975,21.125003,21.500032,982800,2.830335
2000-09-13,21.624975,21.624975,20.375011,21.437528,1030600,2.822106
2000-09-12,21.874995,21.9375,21.375023,21.68748,2705400,2.847111
2000-09-11,21.68748,22.125015,21.624975,21.9375,640500,2.879934
2000-09-08,22.562483,22.562483,21.500032,21.562469,504100,2.8307
2000-09-07,21.624975,22.875008,21.500032,22.812503,1366800,2.994803
2000-09-06,21.375023,21.437528,21.312517,21.375023,282100,2.806092
2000-09-05,21.375023,21.500032,21.250012,21.437528,141700,2.814298
2000-09-01,21.500032,21.500032,21.250012,21.250012,487300,2.789681
2000-08-31,21.312517,21.749985,20.50002,21.375023,2018200,2.806092
2000-08-30,21.375023,21.500032,21.250012,21.375023,203800,2.806092
2000-08-29,21.375023,21.624975,21.375023,21.500032,175500,2.822504
2000-08-28,21.375023,21.500032,21.312517,21.375023,162000,2.806092
2000-08-25,21.437528,21.500032,21.250012,21.375023,427200,2.806092
2000-08-24,20.749972,21.500032,20.749972,21.437528,170700,2.814298
2000-08-23,21.312517,21.312517,20.50002,20.50002,241600,2.691223
2000-08-22,21.562469,21.624975,21.125003,21.250012,174100,2.789681
2000-08-21,21.812489,21.874995,21.68748,21.749985,41800,2.855317
2000-08-18,21.375023,21.749985,21.375023,21.68748,643900,2.847111
2000-08-17,21.562469,21.562469,21.250012,21.250012,108600,2.789681
2000-08-16,21.437528,21.749985,21.375023,21.562469,188200,2.8307
2000-08-15,21.562469,21.749985,21.312517,21.312517,190900,2.797887
2000-08-14,21.437528,21.500032,21.187508,21.312517,928000,2.797887
2000-08-11,20.937488,21.500032,20.874983,21.437528,213300,2.814298
2000-08-10,21.250012,21.250012,20.874983,20.874983,95800,2.740448
2000-08-09,21.500032,21.500032,21.062497,21.312517,95100,2.797887
2000-08-08,21.250012,21.500032,21.250012,21.437528,197700,2.814298
2000-08-07,20.874983,21.187508,20.749972,21.187508,765400,2.781476
2000-08-04,20.937488,20.937488,20.625031,20.812477,183600,2.732242
2000-08-03,20.562525,20.812477,20.50002,20.687468,132900,2.715831
2000-08-02,19.937475,20.937488,19.812532,20.687468,243600,2.715831
2000-08-01,20.937488,21.125003,19.937475,20.062485,491400,2.633784
2000-07-31,19.812532,20.999992,19.812532,20.812477,307000,2.732242
2000-07-28,19.437503,19.99998,19.437503,19.562512,178800,2.568148
2000-07-27,19.625017,19.937475,19.437503,19.437503,169300,2.551737
2000-07-26,20.50002,20.50002,19.625017,19.625017,213300,2.576353
2000-07-25,19.99998,20.375011,19.937475,20.375011,134200,2.674812
2000-07-24,20.562525,20.562525,19.99998,19.99998,87000,2.625578
2000-07-21,20.874983,21.187508,20.625031,20.625031,87700,2.707634
2000-07-20,20.874983,21.125003,20.625031,20.625031,181500,2.707634
2000-07-19,20.937488,21.125003,20.812477,20.874983,136900,2.740448
2000-07-18,20.874983,21.062497,20.874983,20.937488,164700,2.748653
2000-07-17,20.999992,21.125003,20.874983,20.874983,124200,2.740448
2000-07-14,20.625031,20.812477,20.625031,20.812477,670200,2.732242
2000-07-13,20.999992,20.999992,20.687468,20.749972,276000,2.724036
2000-07-12,20.187495,20.999992,20.062485,20.812477,534600,2.732242
2000-07-11,19.249988,20.124989,18.999968,19.937475,312400,2.617373
2000-07-10,19.374997,19.374997,18.999968,19.187483,91000,2.518914
2000-07-07,19.437503,19.500008,18.999968,19.374997,172000,2.543531
2000-07-06,19.812532,20.187495,19.437503,19.562512,265900,2.568148
2000-07-05,19.937475,19.99998,19.625017,19.687523,237600,2.584559
2000-07-03,18.499995,20.25,18.499995,19.99998,793000,2.625578
2000-06-30,20.749972,20.749972,17.499983,17.499983,981400,2.297381
2000-06-29,20.312505,20.874983,20.312505,20.687468,78300,2.715831
2000-06-28,20.50002,20.50002,20.187495,20.25,61300,2.6584
2000-06-27,20.437515,20.625031,20.375011,20.375011,307000,2.674812
2000-06-26,19.99998,20.375011,19.99998,20.312505,54600,2.666606
2000-06-23,19.937475,19.937475,19.750028,19.812532,70200,2.60097
2000-06-22,19.937475,19.99998,19.812532,19.812532,351600,2.60097
2000-06-21,19.937475,19.99998,19.687523,19.99998,135600,2.625578
2000-06-20,19.99998,19.99998,19.625017,19.874969,167400,2.609167
2000-06-19,19.874969,19.99998,19.750028,19.874969,430600,2.609167
2000-06-16,19.812532,20.124989,19.562512,19.750028,555400,2.592765
2000-06-15,19.562512,20.124989,19.437503,20.062485,199800,2.633784
2000-06-14,19.500008,19.99998,19.500008,19.562512,413100,2.568148
2000-06-13,20.062485,20.375011,19.937475,19.937475,1057600,2.609495
2000-06-12,20.625031,20.749972,20.25,20.437515,298900,2.674942
2000-06-09,20.25,20.625031,20.25,20.50002,67500,2.683123
2000-06-08,20.437515,20.437515,20.062485,20.187495,116100,2.642218
2000-06-07,20.50002,20.625031,20.375011,20.50002,105900,2.683123
2000-06-06,20.625031,20.937488,20.625031,20.749972,106600,2.715838
2000-06-05,20.999992,20.999992,20.50002,20.50002,86400,2.683123
2000-06-02,20.937488,21.125003,20.812477,20.937488,336100,2.74038
2000-06-01,20.749972,20.999992,20.625031,20.812477,636400,2.724018
2000-05-31,20.375011,20.812477,19.99998,20.812477,809200,2.724018
2000-05-30,19.374997,20.25,19.374997,20.25,226000,2.650399
2000-05-26,19.500008,19.500008,19.124977,19.124977,66100,2.503152
2000-05-25,19.500008,19.625017,19.374997,19.500008,122800,2.552237
2000-05-24,19.312492,19.625017,18.937531,19.500008,236200,2.552237
2000-05-23,19.99998,19.99998,19.312492,19.312492,157200,2.527695
2000-05-22,19.874969,19.99998,19.124977,19.99998,239500,2.617676
2000-05-19,20.437515,20.437515,19.937475,19.99998,83700,2.617676
2000-05-18,20.687468,20.999992,20.437515,20.562525,133600,2.691304
2000-05-17,20.937488,20.937488,20.625031,20.749972,202500,2.715838
2000-05-16,20.687468,21.187508,20.687468,20.999992,363100,2.748561
2000-05-15,20.25,20.562525,20.124989,20.562525,227400,2.691304
2000-05-12,20.312505,20.375011,19.99998,20.25,170100,2.650399
2000-05-11,20.437515,20.625031,20.187495,20.25,157200,2.650399
2000-05-10,20.562525,20.625031,19.99998,20.312505,97200,2.65858
2000-05-09,20.874983,20.874983,20.375011,20.687468,413700,2.707657
2000-05-08,20.999992,20.999992,20.562525,20.749972,259200,2.715838
2000-05-05,20.625031,21.125003,20.625031,20.999992,255100,2.748561
2000-05-04,20.062485,20.999992,19.937475,20.687468,514300,2.707657
2000-05-03,20.312505,20.437515,19.937475,19.937475,203800,2.609495
2000-05-02,20.687468,20.749972,20.375011,20.562525,309700,2.691304
2000-05-01,20.187495,21.562469,20.187495,20.812477,481200,2.724018
2000-04-28,20.687468,20.749972,20.25,20.562525,294300,2.691304
2000-04-27,20.437515,20.687468,20.124989,20.625031,184200,2.699485
2000-04-26,20.687468,20.749972,20.562525,20.562525,317200,2.691304
2000-04-25,20.437515,20.749972,20.187495,20.625031,1278400,2.699485
2000-04-24,20.874983,20.874983,20.124989,20.187495,213900,2.642218
2000-04-20,20.437515,20.874983,20.312505,20.749972,582400,2.715838
2000-04-19,19.99998,20.50002,19.874969,20.437515,276000,2.674942
2000-04-18,19.687523,20.124989,19.562512,19.874969,172800,2.601314
2000-04-17,19.874969,19.99998,19.124977,19.437503,490600,2.544056
2000-04-14,19.874969,19.99998,19.687523,19.99998,156600,2.617676
2000-04-13,19.99998,20.124989,19.750028,19.874969,101800,2.601314
2000-04-12,19.937475,20.124989,19.750028,19.874969,55300,2.601314
2000-04-11,19.99998,20.124989,19.625017,19.937475,176800,2.609495
2000-04-10,20.375011,21.250012,20.124989,20.124989,398800,2.634037
2000-04-07,19.99998,20.25,19.99998,20.187495,94500,2.642218
2000-04-06,19.625017,19.99998,19.625017,19.99998,405600,2.617676
2000-04-05,19.625017,19.937475,19.562512,19.625017,256500,2.568599
2000-04-04,19.687523,19.750028,19.500008,19.625017,309700,2.568599
2000-04-03,19.062472,19.750028,18.937531,19.687523,675600,2.57678
2000-03-31,19.062472,19.99998,19.062472,19.249988,644500,2.519514
2000-03-30,17.499983,19.437503,17.499983,18.999968,433900,2.48679
2000-03-29,17.812508,17.875012,17.187525,17.437477,153100,2.282285
2000-03-28,18.499995,18.499995,17.624992,17.687497,171400,2.315009
2000-03-27,18.875025,18.999968,18.625005,18.625005,383400,2.437714
2000-03-24,18.81252,18.937531,18.5625,18.750015,327300,2.454075
2000-03-23,18.31248,18.937531,18.31248,18.437489,431200,2.413171
2000-03-22,17.687497,18.187469,17.687497,18.187469,440700,2.380447
2000-03-21,17.750003,17.812508,17.312468,17.562488,162600,2.298647
2000-03-20,17.687497,17.937517,17.687497,17.875012,166000,2.339552
2000-03-17,16.562475,17.812508,16.562475,17.812508,508200,2.331371
2000-03-16,16.125008,17.062515,16.125008,17.062515,579700,2.233209
2000-03-15,15.999997,16.125008,15.749977,16.125008,540000,2.110504
2000-03-14,17.312468,17.312468,15.500025,15.999997,1003000,2.086288
2000-03-13,16.812495,17.374972,16.749989,17.187525,251100,2.241134
2000-03-10,17.187525,17.250031,16.749989,16.749989,314500,2.184082
2000-03-09,17.812508,17.812508,17.374972,17.437477,416400,2.273726
2000-03-08,17.312468,17.812508,17.312468,17.750003,322600,2.314477
2000-03-07,17.562488,17.562488,17.250031,17.437477,573000,2.273726
2000-03-06,17.437477,17.562488,17.250031,17.562488,308400,2.290026
2000-03-03,17.750003,17.750003,17.250031,17.437477,258400,2.273726
2000-03-02,18.374985,18.374985,17.750003,17.812508,250300,2.322627
2000-03-01,16.937505,18.499995,16.250017,18.499995,739000,2.412271
2000-02-29,16.812495,17.062515,16.687485,16.937505,334000,2.208533
2000-02-28,17.12502,17.12502,16.62498,16.812495,196300,2.192232
2000-02-25,17.000011,17.687497,16.749989,17.250031,351000,2.249284
2000-02-24,17.437477,17.437477,17.12502,17.12502,228700,2.232983
2000-02-23,18.125032,18.125032,17.312468,17.499983,353700,2.281876
2000-02-22,17.687497,18.125032,17.312468,18.125032,197100,2.363378
2000-02-18,17.937517,17.937517,17.624992,17.687497,116100,2.306326
2000-02-17,17.624992,18.000023,17.624992,17.937517,385300,2.338927
2000-02-16,17.875012,18.000023,17.687497,17.812508,301600,2.322627
2000-02-15,18.000023,18.187469,17.812508,17.937517,524400,2.338927
2000-02-14,17.875012,17.937517,17.687497,17.937517,149100,2.338927
2000-02-11,16.499969,17.937517,16.499969,17.937517,1080600,2.338927
2000-02-10,17.499983,17.499983,16.312523,16.499969,433900,2.151481
2000-02-09,17.937517,17.937517,17.187525,17.499983,237600,2.281876
2000-02-08,18.000023,18.249975,17.499983,17.875012,639100,2.330777
2000-02-07,18.187469,18.187469,17.812508,17.937517,124200,2.338927
2000-02-04,18.249975,18.374985,18.000023,18.187469,157200,2.371519
2000-02-03,18.625005,18.687511,18.062528,18.31248,335400,2.38782
2000-02-02,19.874969,19.874969,18.625005,18.625005,839700,2.428571
2000-02-01,22.000005,22.125015,19.750028,19.750028,523000,2.575266
2000-01-31,20.749972,22.000005,20.625031,22.000005,432600,2.868647
2000-01-28,19.99998,20.437515,19.750028,20.437515,469800,2.66491
2000-01-27,19.249988,20.124989,19.124977,20.062485,541300,2.616008
2000-01-26,18.625005,18.999968,18.437489,18.999968,230100,2.477464
2000-01-25,18.625005,18.625005,18.187469,18.499995,248400,2.412271
2000-01-24,19.562512,19.625017,18.81252,18.81252,187600,2.453022
2000-01-21,19.500008,19.562512,19.437503,19.562512,452200,2.550815
2000-01-20,19.500008,19.687523,19.374997,19.625017,235500,2.558966
2000-01-19,19.812532,19.906222,19.374997,19.500008,592600,2.542665
2000-01-18,18.999968,19.874969,18.937531,19.874969,274600,2.591558
2000-01-14,19.124977,19.249988,18.875025,18.937531,186300,2.469322
2000-01-13,19.249988,19.437503,18.999968,19.124977,126100,2.493764
2000-01-12,19.187483,19.374997,19.124977,19.374997,78900,2.526365
2000-01-11,19.750028,19.750028,19.187483,19.312492,515700,2.518215
2000-01-10,19.374997,19.99998,19.312492,19.874969,89700,2.591558
2000-01-07,18.875025,19.437503,18.875025,19.249988,183600,2.510064
2000-01-06,19.124977,19.187483,18.499995,18.999968,130200,2.477464
2000-01-05,18.875025,19.312492,18.750015,19.124977,141000,2.493764
2000-01-04,18.999968,19.124977,18.875025,18.937531,254400,2.469322
2000-01-03,18.999968,19.062472,18.875025,18.999968,576400,2.477464
1999-12-31,18.81252,19.124977,18.687511,19.062472,159900,2.485614
1999-12-30,18.687511,18.937531,18.687511,18.81252,184200,2.453022
1999-12-29,18.249975,19.124977,18.249975,18.81252,370500,2.453022
1999-12-28,18.125032,18.374985,18.000023,18.249975,972000,2.37967
1999-12-27,18.187469,18.249975,18.062528,18.125032,220000,2.363378
1999-12-23,18.31248,18.437489,18.187469,18.249975,239500,2.37967
1999-12-22,19.187483,19.187483,18.31248,18.437489,261100,2.40412
1999-12-21,18.999968,19.249988,18.875025,19.187483,87700,2.501914
1999-12-20,19.437503,19.625017,19.124977,19.124977,167400,2.493764
1999-12-17,19.687523,19.687523,19.562512,19.625017,968500,2.558966
1999-12-16,19.249988,19.750028,19.249988,19.625017,245700,2.558966
1999-12-15,19.062472,19.312492,18.937531,19.312492,437400,2.518215
1999-12-14,19.374997,19.437503,18.875025,19.187483,222700,2.501914
1999-12-13,19.187483,19.500008,19.124977,19.500008,114700,2.542665
1999-12-10,19.062472,19.187483,18.999968,19.187483,180900,2.501914
1999-12-09,19.312492,19.312492,18.81252,19.187483,161200,2.501914
1999-12-08,19.750028,19.874969,19.187483,19.437503,196300,2.534515
1999-12-07,19.99998,19.99998,19.874969,19.937475,54600,2.599708
1999-12-06,19.874969,19.99998,19.874969,19.99998,213900,2.600034
1999-12-03,19.874969,20.312505,19.812532,19.874969,158500,2.583782
1999-12-02,19.750028,19.937475,19.750028,19.937475,89100,2.591908
1999-12-01,19.874969,19.874969,19.687523,19.812532,206500,2.575665
1999-11-30,19.500008,19.99998,19.500008,19.99998,230100,2.600034
1999-11-29,19.625017,19.625017,19.437503,19.500008,70200,2.535036
1999-11-26,19.249988,19.687523,19.187483,19.687523,70800,2.559414
1999-11-24,19.562512,19.562512,19.187483,19.249988,90400,2.502533
1999-11-23,19.500008,19.625017,19.374997,19.625017,172800,2.551288
1999-11-22,20.187495,20.187495,19.437503,19.500008,134200,2.535036
1999-11-19,20.25,20.312505,19.937475,20.124989,55900,2.616285
1999-11-18,19.99998,20.25,19.99998,20.25,118000,2.632537
1999-11-17,19.99998,20.25,19.99998,20.062485,162000,2.608159
1999-11-16,19.99998,19.99998,19.937475,19.937475,311100,2.591908
1999-11-15,19.99998,20.124989,19.874969,20.124989,88300,2.616285
1999-11-12,19.687523,20.124989,19.687523,20.124989,67500,2.616285
1999-11-11,20.062485,20.062485,19.625017,19.750028,116700,2.567539
1999-11-10,20.124989,20.124989,19.99998,20.124989,41100,2.616285
1999-11-09,19.99998,20.124989,19.99998,20.124989,93100,2.616285
1999-11-08,20.187495,20.312505,19.937475,20.062485,201700,2.608159
1999-11-05,20.25,20.50002,20.187495,20.25,148500,2.632537
1999-11-04,19.99998,20.187495,19.99998,20.187495,82900,2.624411
1999-11-03,20.124989,20.124989,19.812532,20.062485,155200,2.608159
1999-11-02,19.937475,20.187495,19.937475,20.062485,145000,2.608159
1999-11-01,19.812532,19.99998,19.812532,19.99998,89700,2.600034
1999-10-29,19.750028,19.937475,19.625017,19.750028,99100,2.567539
1999-10-28,19.562512,19.99998,19.562512,19.750028,164700,2.567539
1999-10-27,18.374985,19.500008,18.374985,19.312492,232200,2.510659
1999-10-26,18.31248,18.437489,18.249975,18.374985,71500,2.388781
1999-10-25,18.374985,18.499995,18.125032,18.31248,94500,2.380656
1999-10-22,18.249975,18.5625,18.187469,18.437489,82300,2.396907
1999-10-21,18.187469,18.187469,18.062528,18.187469,99100,2.364404
1999-10-20,18.125032,18.31248,18.000023,18.31248,1409400,2.380656
1999-10-19,18.687511,18.750015,18.125032,18.187469,50500,2.364404
1999-10-18,18.875025,18.875025,18.5625,18.687511,126100,2.42941
1999-10-15,18.875025,18.875025,18.687511,18.750015,130200,2.437536
1999-10-14,18.625005,18.875025,18.625005,18.750015,120700,2.437536
1999-10-13,18.625005,18.687511,18.625005,18.687511,43200,2.42941
1999-10-12,18.937531,18.937531,18.625005,18.81252,201100,2.445662
1999-10-11,18.625005,18.999968,18.625005,18.937531,163300,2.461913
1999-10-08,18.81252,18.937531,18.437489,18.5625,289500,2.413159
1999-10-07,18.937531,18.937531,18.625005,18.81252,124800,2.445662
1999-10-06,19.874969,19.937475,19.062472,19.062472,141000,2.478156
1999-10-05,19.99998,20.25,19.625017,19.874969,113400,2.583782
1999-10-04,20.25,20.50002,20.062485,20.124989,115300,2.616285
1999-10-01,19.625017,20.375011,19.625017,20.375011,196300,2.648788
1999-09-30,20.124989,20.124989,19.249988,19.812532,250300,2.575665
1999-09-29,19.750028,20.25,19.562512,20.187495,83700,2.624411
1999-09-28,20.437515,20.437515,19.750028,19.874969,82300,2.583782
1999-09-27,20.625031,21.375023,20.50002,20.562525,173400,2.673165
1999-09-24,20.874983,20.874983,20.437515,20.625031,59400,2.681291
1999-09-23,20.874983,20.937488,20.812477,20.812477,178800,2.70566
1999-09-22,20.812477,20.999992,20.812477,20.874983,309700,2.713786
1999-09-21,20.937488,21.062497,20.874983,20.874983,118800,2.713786
1999-09-20,20.874983,21.062497,20.874983,20.999992,49900,2.730037
1999-09-17,20.999992,21.062497,20.874983,20.937488,838900,2.721911
1999-09-16,21.062497,21.062497,20.874983,20.999992,76200,2.730037
1999-09-15,21.375023,21.437528,20.999992,20.999992,102600,2.730037
1999-09-14,21.125003,21.624975,21.125003,21.250012,308400,2.76254
1999-09-13,20.999992,21.312517,20.937488,21.312517,145000,2.762865
1999-09-10,20.687468,21.312517,20.687468,21.062497,228100,2.730453
1999-09-09,20.749972,20.812477,20.312505,20.50002,211200,2.657536
1999-09-08,20.874983,20.999992,20.50002,20.812477,270000,2.698042
1999-09-07,20.999992,21.187508,20.874983,21.125003,261900,2.738556
1999-09-03,20.937488,21.250012,20.937488,20.999992,121500,2.72235
1999-09-02,20.687468,20.749972,20.625031,20.749972,105900,2.689939
1999-09-01,20.812477,21.125003,20.749972,20.749972,72900,2.689939
1999-08-31,20.50002,20.937488,20.375011,20.812477,276700,2.698042
1999-08-30,21.125003,21.125003,20.50002,20.625031,135000,2.673742
1999-08-27,20.625031,21.375023,20.625031,21.250012,132300,2.754762
1999-08-26,20.999992,20.999992,20.50002,20.687468,120100,2.681836
1999-08-25,21.375023,21.375023,20.625031,20.937488,210600,2.714247
1999-08-24,22.125015,22.125015,21.312517,21.312517,189600,2.762865
1999-08-23,22.499977,22.562483,22.000005,22.250025,168000,2.884399
1999-08-20,22.312531,22.562483,22.250025,22.499977,50500,2.916802
1999-08-19,22.250025,22.250025,21.9375,22.18752,78300,2.876296
1999-08-18,22.749997,22.749997,22.499977,22.499977,89700,2.916802
1999-08-17,23.187532,23.187532,22.937512,22.937512,203800,2.973522
1999-08-16,23.000017,23.249969,23.000017,23.249969,37000,3.014028
1999-08-13,23.000017,23.062523,23.000017,23.062523,27600,2.989728
1999-08-12,22.499977,23.249969,22.437472,23.062523,118000,2.989728
1999-08-11,22.312531,22.562483,22.250025,22.499977,442800,2.916802
1999-08-10,22.624988,22.624988,21.624975,22.125015,257100,2.868194
1999-08-09,23.312475,23.312475,22.562483,22.562483,120700,2.924905
1999-08-06,23.437485,23.562495,23.187532,23.312475,178800,3.022131
1999-08-05,23.562495,23.562495,23.249969,23.437485,159300,3.038336
1999-08-04,23.437485,23.562495,23.437485,23.499989,209800,3.046439
1999-08-03,23.312475,23.437485,23.062523,23.437485,182800,3.038336
1999-08-02,23.125028,23.437485,23.125028,23.312475,244300,3.022131
1999-07-30,23.249969,23.37498,23.249969,23.37498,122800,3.030234
1999-07-29,23.499989,23.499989,23.062523,23.125028,120100,2.997831
1999-07-28,23.499989,23.687505,23.499989,23.625,37000,3.062645
1999-07-27,23.312475,23.750011,23.062523,23.499989,207100,3.046439
1999-07-26,23.499989,23.562495,23.125028,23.187532,108600,3.005934
1999-07-23,23.937525,24.625012,23.87502,23.937525,236800,3.10316
1999-07-22,23.249969,24.000031,23.249969,23.937525,353700,3.10316
1999-07-21,23.000017,23.249969,23.000017,23.249969,265200,3.014028
1999-07-20,23.125028,23.125028,22.812503,23.062523,251700,2.989728
1999-07-19,22.749997,23.249969,22.749997,23.249969,277300,3.014028
1999-07-16,23.062523,23.125028,22.250025,22.562483,108000,2.924905
1999-07-15,22.437472,23.187532,22.437472,23.125028,222000,2.997831
1999-07-14,22.312531,22.499977,22.312531,22.499977,297000,2.916802
1999-07-13,22.562483,22.562483,22.312531,22.312531,72900,2.892502
1999-07-12,22.374968,22.812503,22.312531,22.562483,81600,2.924905
1999-07-09,21.874995,22.250025,21.874995,22.18752,562900,2.876296
1999-07-08,22.125015,22.125015,21.624975,21.9375,185500,2.843885
1999-07-07,22.437472,22.562483,21.812489,22.125015,138300,2.868194
1999-07-06,22.312531,22.875008,22.312531,22.624988,79600,2.933008
1999-07-02,23.000017,23.000017,22.250025,22.374968,140400,2.900596
1999-07-01,23.249969,23.249969,22.875008,23.062523,127500,2.989728
1999-06-30,23.062523,23.249969,22.250025,23.000017,212500,2.981625
1999-06-29,23.000017,23.062523,22.18752,23.062523,210600,2.989728
1999-06-28,22.624988,23.062523,22.624988,22.937512,254400,2.973522
1999-06-25,22.624988,22.687492,22.250025,22.624988,205200,2.933008
1999-06-24,23.249969,23.37498,22.499977,22.499977,293500,2.916802
1999-06-23,22.250025,23.37498,22.250025,23.37498,167400,3.030234
1999-06-22,22.624988,22.624988,21.9375,22.125015,178200,2.868194
1999-06-21,23.062523,23.062523,22.562483,22.749997,106600,2.949213
1999-06-18,23.125028,23.187532,23.000017,23.000017,361800,2.981625
1999-06-17,23.125028,23.499989,23.125028,23.37498,27000,3.030234
1999-06-16,23.687505,23.687505,22.875008,23.000017,166000,2.981625
1999-06-15,23.87502,23.87502,23.562495,23.562495,152500,3.054542
1999-06-14,22.875008,23.562495,22.875008,23.37498,357000,3.030234
1999-06-11,23.000017,23.37498,22.687492,22.937512,274000,2.965743
1999-06-10,22.499977,23.000017,22.437472,22.937512,201100,2.965743
1999-06-09,22.499977,22.624988,22.437472,22.624988,373200,2.925335
1999-06-08,22.875008,22.875008,22.250025,22.499977,371800,2.909171
1999-06-07,23.312475,23.312475,22.437472,22.875008,847000,2.957661
1999-06-04,23.750011,23.750011,22.562483,23.312475,176800,3.014225
1999-06-03,23.750011,24.750023,23.750011,23.87502,631000,3.08696
1999-06-02,22.125015,23.812515,22.125015,23.812515,594000,3.078878
1999-06-01,23.000017,23.125028,22.125015,22.125015,307000,2.86069
1999-05-28,23.000017,23.625,22.937512,22.937512,406300,2.965743
1999-05-27,23.499989,23.499989,22.499977,22.875008,365100,2.957661
1999-05-26,23.812515,23.812515,23.499989,23.625,477100,3.054633
1999-05-25,24.750023,24.812528,23.750011,23.812515,611500,3.078878
1999-05-24,24.875032,25.124985,24.875032,24.999975,157900,3.232413
1999-05-21,24.875032,24.999975,24.750023,24.875032,109300,3.216258
1999-05-20,24.124972,24.937469,24.124972,24.812528,192300,3.208176
1999-05-19,24.312488,24.374992,24.000031,24.312488,190300,3.143523
1999-05-18,24.187477,24.374992,24.187477,24.312488,97200,3.143523
1999-05-17,24.374992,24.687517,23.937525,24.187477,267300,3.127359
1999-05-14,24.500003,24.562508,24.374992,24.374992,140400,3.151604
1999-05-13,24.562508,24.937469,24.374992,24.750023,242200,3.200095
1999-05-12,24.625012,24.687517,24.249983,24.500003,340800,3.167768
1999-05-11,25.124985,25.124985,24.562508,24.750023,178800,3.200095
1999-05-10,24.999975,25.749968,24.999975,25.249995,444700,3.264739
1999-05-07,24.374992,25.500015,24.374992,24.812528,707400,3.208176
1999-05-06,24.062468,24.374992,24.062468,24.187477,230100,3.127359
1999-05-05,24.124972,24.124972,23.937525,24.062468,379900,3.111196
1999-05-04,23.87502,24.124972,23.87502,24.124972,423900,3.119278
1999-05-03,22.812503,24.124972,22.812503,23.87502,707400,3.08696
1999-04-30,23.812515,23.87502,22.812503,22.812503,156600,2.94958
1999-04-29,24.000031,24.062468,23.750011,23.812515,455500,3.078878
1999-04-28,23.000017,24.875032,23.000017,24.062468,1131300,3.111196
1999-04-27,22.499977,23.187532,22.250025,23.187532,367200,2.99807
1999-04-26,23.000017,23.062523,22.499977,22.499977,153100,2.909171
1999-04-23,22.624988,22.749997,22.312531,22.562483,149800,2.917253
1999-04-22,23.37498,23.37498,22.812503,22.875008,85600,2.957661
1999-04-21,22.437472,24.000031,22.312531,23.312475,371800,3.014225
1999-04-20,22.749997,24.500003,22.125015,22.562483,1213600,2.917253
1999-04-19,21.874995,22.937512,21.874995,22.562483,644500,2.917253
1999-04-16,20.375011,21.749985,20.375011,21.624975,519700,2.796036
1999-04-15,19.625017,20.375011,19.625017,20.375011,549400,2.63442
1999-04-14,18.937531,19.687523,18.937531,19.625017,318600,2.537449
1999-04-13,18.875025,19.187483,18.875025,19.062472,180900,2.464713
1999-04-12,17.937517,18.750015,17.937517,18.750015,639100,2.424314
1999-04-09,17.624992,18.249975,17.499983,18.062528,309700,2.335424
1999-04-08,17.812508,17.875012,17.499983,17.562488,672900,2.27077
1999-04-07,18.187469,18.187469,17.875012,17.875012,571000,2.311179
1999-04-06,18.125032,18.187469,18.000023,18.187469,274600,2.351578
1999-04-05,18.187469,18.187469,18.000023,18.125032,182200,2.343506
1999-04-01,18.31248,18.31248,18.000023,18.062528,85000,2.335424
1999-03-31,18.5625,18.5625,18.187469,18.249975,263800,2.35966
1999-03-30,18.374985,18.81252,18.374985,18.687511,163300,2.416232
1999-03-29,17.937517,18.499995,17.937517,18.499995,590500,2.391987
1999-03-26,17.937517,18.000023,17.812508,17.937517,240900,2.31926
1999-03-25,17.937517,18.000023,17.875012,18.000023,36400,2.327342
1999-03-24,18.000023,18.000023,17.875012,17.937517,207100,2.31926
1999-03-23,18.000023,18.000023,17.875012,17.937517,567600,2.31926
1999-03-22,18.125032,18.125032,18.000023,18.062528,294300,2.335424
1999-03-19,18.125032,18.187469,18.000023,18.062528,363700,2.335424
1999-03-18,18.062528,18.374985,17.937517,18.187469,231400,2.351578
1999-03-17,18.249975,18.31248,17.937517,17.937517,637800,2.31926
1999-03-16,18.437489,18.437489,18.249975,18.249975,303000,2.35966
1999-03-15,18.249975,18.499995,18.187469,18.31248,375300,2.367742
1999-03-12,17.812508,18.249975,17.812508,18.187469,403600,2.34382
1999-03-11,17.437477,17.875012,17.437477,17.875012,584500,2.303553
1999-03-10,17.374972,17.875012,17.250031,17.437477,605400,2.247168
1999-03-09,17.12502,17.250031,16.937505,17.12502,433900,2.206902
1999-03-08,17.250031,17.312468,17.000011,17.250031,240300,2.223012
1999-03-05,17.12502,17.312468,17.062515,17.12502,270600,2.206902
1999-03-04,16.812495,16.937505,16.62498,16.937505,215200,2.182737
1999-03-03,17.187525,17.187525,16.749989,16.812495,608800,2.166627
1999-03-02,17.187525,17.374972,17.062515,17.187525,197100,2.214957
1999-03-01,17.000011,17.12502,16.499969,17.062515,368500,2.198847
1999-02-26,16.62498,16.937505,16.62498,16.937505,308400,2.182737
1999-02-25,16.62498,16.812495,16.499969,16.749989,127500,2.158572
1999-02-24,17.312468,17.499983,16.875,16.875,460900,2.174682
1999-02-23,17.437477,17.437477,17.312468,17.374972,201700,2.239113
1999-02-22,17.000011,17.312468,17.000011,17.312468,216000,2.231058
1999-02-19,17.12502,17.250031,17.000011,17.000011,261100,2.190792
1999-02-18,17.12502,17.250031,17.000011,17.062515,377200,2.198847
1999-02-17,17.000011,17.250031,17.000011,17.000011,566200,2.190792
1999-02-16,17.624992,17.750003,16.875,17.12502,666900,2.206902
1999-02-12,17.812508,17.812508,17.562488,17.624992,203100,2.271333
1999-02-11,17.374972,17.687497,17.374972,17.687497,213900,2.279388
1999-02-10,18.125032,18.249975,17.437477,17.624992,564900,2.271333
1999-02-09,18.187469,18.249975,18.062528,18.125032,114000,2.335773
1999-02-08,18.000023,18.125032,18.000023,18.062528,176100,2.327718
1999-02-05,18.31248,18.31248,18.000023,18.000023,159900,2.319663
1999-02-04,18.062528,18.249975,18.000023,18.187469,163300,2.34382
1999-02-03,18.187469,18.374985,18.125032,18.187469,276000,2.34382
1999-02-02,18.187469,18.437489,18.187469,18.31248,261100,2.35993
1999-02-01,18.31248,18.499995,18.125032,18.187469,228100,2.34382
1999-01-29,18.374985,18.437489,18.000023,18.187469,250300,2.34382
1999-01-28,18.499995,18.625005,18.249975,18.249975,333400,2.351875
1999-01-27,18.625005,18.750015,18.374985,18.374985,909100,2.367985
1999-01-26,18.374985,18.687511,18.249975,18.499995,955800,2.384095
1999-01-25,18.687511,18.687511,18.249975,18.437489,827500,2.37604
1999-01-22,18.499995,18.81252,18.499995,18.5625,783600,2.39215
1999-01-21,18.499995,18.750015,18.374985,18.374985,1108900,2.367985
1999-01-20,18.999968,19.124977,18.437489,18.499995,1485600,2.384095
1999-01-19,19.99998,19.99998,19.124977,19.124977,278100,2.464636
1999-01-15,19.99998,20.625031,19.99998,20.187495,217300,2.601563
1999-01-14,19.99998,20.062485,19.937475,19.99998,336700,2.577398
1999-01-13,19.750028,20.124989,19.750028,20.124989,276000,2.593508
1999-01-12,20.562525,20.687468,19.99998,19.99998,277300,2.577398
1999-01-11,20.562525,20.562525,20.25,20.437515,332700,2.633783
1999-01-08,20.749972,20.749972,20.375011,20.562525,442000,2.649893
1999-01-07,20.687468,20.812477,20.50002,20.749972,264600,2.67405
1999-01-06,20.999992,21.125003,20.50002,20.937488,375900,2.698215
1999-01-05,22.499977,22.499977,20.625031,20.625031,1023300,2.657948
1999-01-04,22.062511,23.062523,21.9375,22.499977,607500,2.899573
1998-12-31,21.624975,22.312531,21.624975,22.312531,280800,2.875416
1998-12-30,21.437528,21.624975,21.437528,21.624975,110700,2.786811
1998-12-29,21.250012,21.562469,21.250012,21.562469,196300,2.778756
1998-12-28,20.999992,21.250012,20.749972,21.250012,103900,2.73849
1998-12-24,20.874983,20.937488,20.874983,20.937488,70200,2.698215
1998-12-23,20.812477,20.874983,20.625031,20.874983,121500,2.69016
1998-12-22,20.562525,20.749972,20.50002,20.687468,145000,2.665995
1998-12-21,20.625031,20.687468,20.50002,20.625031,120700,2.657948
1998-12-18,20.812477,20.874983,20.562525,20.625031,1001700,2.657948
1998-12-17,20.812477,20.999992,20.812477,20.812477,303000,2.682104
1998-12-16,19.99998,21.062497,19.99998,20.937488,450900,2.698215
1998-12-15,20.187495,20.562525,19.937475,19.99998,3684100,2.577398
1998-12-14,20.687468,20.749972,20.562525,20.562525,290200,2.649893
1998-12-11,20.999992,20.999992,20.749972,20.812477,527800,2.682104
1998-12-10,20.999992,21.062497,20.937488,20.937488,220600,2.698215
1998-12-09,20.999992,21.125003,20.999992,20.999992,126100,2.70627
1998-12-08,20.687468,20.999992,20.687468,20.749972,210600,2.67405
1998-12-07,20.50002,20.812477,20.50002,20.812477,99100,2.682104
1998-12-04,20.375011,20.625031,20.375011,20.562525,2016900,2.64216
1998-12-03,20.375011,20.625031,20.312505,20.437515,529800,2.626097
1998-12-02,21.062497,21.250012,20.812477,20.874983,2159200,2.682309
1998-12-01,20.625031,20.999992,20.50002,20.999992,125500,2.698372
1998-11-30,20.812477,20.874983,20.625031,20.749972,193600,2.666246
1998-11-27,20.812477,20.937488,20.749972,20.937488,56700,2.690341
1998-11-25,20.874983,20.937488,20.312505,20.625031,126100,2.650192
1998-11-24,20.999992,21.250012,20.937488,20.999992,210600,2.698372
1998-11-23,20.874983,20.999992,20.874983,20.937488,366400,2.690341
1998-11-20,20.812477,20.937488,20.812477,20.812477,621600,2.674277
1998-11-19,20.812477,20.937488,20.812477,20.874983,81600,2.682309
1998-11-18,20.937488,21.062497,20.812477,20.937488,47800,2.690341
1998-11-17,20.687468,20.999992,20.562525,20.937488,301600,2.690341
1998-11-16,20.999992,21.187508,20.625031,20.812477,270600,2.674277
1998-11-13,20.749972,21.187508,20.749972,20.874983,366400,2.682309
1998-11-12,20.625031,20.812477,20.625031,20.749972,320500,2.666246
1998-11-11,20.874983,20.937488,20.749972,20.812477,211900,2.674277
1998-11-10,21.125003,21.125003,20.687468,20.812477,386700,2.674277
1998-11-09,21.187508,21.250012,20.874983,20.999992,305100,2.698372
1998-11-06,21.437528,21.874995,20.874983,21.312517,348900,2.73853
1998-11-05,21.062497,21.562469,21.062497,21.562469,311800,2.770647
1998-11-04,21.062497,21.250012,20.968739,21.062497,217900,2.706404
1998-11-03,21.187508,21.187508,21.062497,21.125003,104500,2.714435
1998-11-02,21.187508,21.187508,20.999992,21.187508,244300,2.722467
1998-10-30,21.062497,21.250012,21.062497,21.187508,414400,2.722467
1998-10-29,20.749972,21.062497,20.749972,21.062497,435300,2.706404
1998-10-28,20.874983,21.125003,20.749972,20.874983,271900,2.682309
1998-10-27,20.437515,20.999992,20.375011,20.999992,797800,2.698372
1998-10-26,19.500008,20.50002,19.500008,20.437515,438000,2.626097
1998-10-23,18.249975,20.687468,18.187469,19.625017,866700,2.521696
1998-10-22,17.499983,18.249975,17.374972,18.249975,216600,2.345011
1998-10-21,17.875012,18.000023,17.12502,17.687497,557500,2.272736
1998-10-20,18.249975,19.124977,17.937517,18.000023,653400,2.312894
1998-10-19,17.499983,18.062528,17.499983,17.750003,449500,2.280768
1998-10-16,17.12502,17.312468,16.937505,17.312468,666100,2.224547
1998-10-15,17.12502,17.250031,17.000011,17.12502,1134000,2.200462
1998-10-14,17.12502,17.437477,17.12502,17.187525,448200,2.208493
1998-10-13,17.187525,17.312468,17.12502,17.187525,456900,2.208493
1998-10-12,17.12502,17.374972,17.12502,17.187525,203800,2.208493
1998-10-09,17.000011,17.437477,17.000011,17.062515,423100,2.19243
1998-10-08,17.062515,17.062515,16.562475,16.749989,417100,2.152272
1998-10-07,16.812495,17.187525,16.812495,17.187525,668800,2.208493
1998-10-06,16.499969,16.749989,16.499969,16.687485,342100,2.144241
1998-10-05,16.812495,16.812495,16.437532,16.437532,156600,2.112124
1998-10-02,17.000011,17.312468,16.812495,16.875,255700,2.168335
1998-10-01,17.12502,17.250031,16.875,17.000011,3237900,2.184399
1998-09-30,17.000011,17.312468,16.875,17.250031,811900,2.216525
1998-09-29,17.000011,17.187525,16.937505,17.000011,1044900,2.184399
1998-09-28,18.000023,18.249975,17.499983,17.812508,568900,2.2888
1998-09-25,18.125032,18.125032,17.875012,17.937517,557500,2.304862
1998-09-24,18.31248,18.499995,18.249975,18.249975,963900,2.345011
1998-09-23,17.875012,18.437489,17.875012,18.374985,1212900,2.361074
1998-09-22,17.000011,17.875012,17.000011,17.875012,340800,2.296831
1998-09-21,16.687485,17.12502,16.499969,17.12502,621000,2.200462
1998-09-18,16.937505,16.937505,16.437532,16.937505,1457200,2.176367
1998-09-17,16.375028,16.937505,15.999997,16.812495,2246400,2.160304
1998-09-16,18.187469,18.187469,15.749977,16.749989,2927400,2.152272
1998-09-15,19.312492,19.312492,18.125032,18.187469,1487700,2.33698
1998-09-14,19.99998,19.99998,19.374997,19.374997,818700,2.48957
1998-09-11,19.750028,20.375011,19.750028,20.124989,433900,2.578229
1998-09-10,19.99998,19.99998,19.687523,19.874969,344200,2.546199
1998-09-09,20.50002,20.50002,19.99998,20.062485,452800,2.570221
1998-09-08,19.625017,20.50002,19.625017,20.50002,574300,2.626274
1998-09-04,19.625017,19.937475,19.500008,19.500008,2598700,2.498162
1998-09-03,19.99998,19.99998,19.500008,19.562512,1025200,2.506169
1998-09-02,20.187495,20.437515,19.99998,19.99998,1017100,2.562214
1998-09-01,19.500008,20.375011,18.937531,20.187495,696600,2.586236
1998-08-31,20.874983,20.874983,19.500008,19.500008,413700,2.498162
1998-08-28,20.999992,21.250012,20.50002,20.749972,331300,2.658296
1998-08-27,22.18752,22.18752,21.125003,21.125003,406300,2.706341
1998-08-26,22.749997,22.749997,22.312531,22.437472,264600,2.874483
1998-08-25,23.499989,23.562495,22.499977,22.749997,475800,2.914521
1998-08-24,23.312475,23.562495,23.187532,23.499989,180900,3.010603
1998-08-21,23.437485,23.437485,22.624988,23.37498,212500,2.994588
1998-08-20,24.062468,24.062468,23.312475,23.562495,137700,3.01861
1998-08-19,24.999975,24.999975,23.87502,23.937525,392800,3.066656
1998-08-18,24.875032,24.999975,24.875032,24.937469,547300,3.19476
1998-08-17,24.875032,24.999975,24.875032,24.937469,295600,3.19476
1998-08-14,24.625012,24.937469,24.374992,24.875032,148500,3.186761
1998-08-13,24.937469,24.999975,24.500003,24.562508,572400,3.146723
1998-08-12,24.374992,25.124985,24.374992,25.06248,154500,3.210775
1998-08-11,24.437497,24.437497,23.937525,24.249983,299700,3.106685
1998-08-10,25.687531,25.687531,24.875032,24.937469,273300,3.19476
1998-08-07,25.937483,26.375017,25.375005,25.687531,607500,3.29085
1998-08-06,24.937469,25.937483,24.937469,25.937483,167400,3.322872
1998-08-05,24.999975,25.249995,24.750023,24.999975,370500,3.202767
1998-08-04,25.687531,25.749968,24.937469,24.937469,430600,3.19476
1998-08-03,24.875032,25.812472,24.500003,25.687531,485200,3.29085
1998-07-31,25.749968,26.437523,25.06248,25.06248,346900,3.210775
1998-07-30,25.56252,25.625025,25.06248,25.625025,1308700,3.282843
1998-07-29,25.999988,26.062492,25.56252,25.56252,278100,3.274835
1998-07-28,26.500028,27.00,26.062492,26.062492,499500,3.338887
1998-07-27,26.500028,26.500028,25.999988,26.375017,513600,3.378925
1998-07-24,26.74998,27.375031,26.250008,26.500028,262500,3.39494
1998-07-23,28.250034,28.250034,26.250008,26.624969,285400,3.410947
1998-07-22,29.437494,29.437494,27.812497,28.250034,200400,3.619135
1998-07-21,29.437494,29.999969,29.437494,29.625006,1290600,3.795284
1998-07-20,30.999982,31.062488,29.437494,29.437494,371800,3.771261
1998-07-17,29.812521,30.999982,29.812521,30.999982,409000,3.971433
1998-07-16,29.499997,29.812521,29.437494,29.812521,209800,3.819306
1998-07-15,29.000025,29.625006,29.000025,29.625006,596700,3.795284
1998-07-14,29.000025,29.249979,28.937522,29.249979,519000,3.747239
1998-07-13,29.437494,29.499997,28.937522,29.000025,888300,3.715217
1998-07-10,29.625006,29.687512,29.374988,29.499997,136300,3.779269
1998-07-09,29.687512,29.750018,29.437494,29.687512,100500,3.803291
1998-07-08,29.249979,29.999969,28.875015,29.937534,137700,3.835322
1998-07-07,28.937522,29.312482,28.624994,29.312482,1297300,3.755246
1998-07-06,29.249979,29.437494,28.812509,28.875015,549400,3.699202
1998-07-02,29.562503,29.562503,28.812509,29.124966,290200,3.731223
1998-07-01,29.437494,29.625006,29.374988,29.562503,676300,3.787276
1998-06-30,29.374988,29.437494,29.312482,29.312482,230800,3.755246
1998-06-29,29.374988,29.625006,29.312482,29.437494,814600,3.771261
1998-06-26,29.187472,29.437494,29.187472,29.249979,340800,3.747239
1998-06-25,29.312482,29.312482,29.124966,29.187472,76200,3.739231
1998-06-24,29.374988,29.499997,29.187472,29.249979,170100,3.747239
1998-06-23,29.374988,29.562503,29.374988,29.437494,1121800,3.771261
1998-06-22,29.000025,29.750018,29.000025,29.625006,663400,3.795284
1998-06-19,29.000025,29.187472,29.000025,29.000025,384000,3.715217
1998-06-18,29.187472,29.187472,29.062531,29.124966,195000,3.731223
1998-06-17,29.249979,29.687512,28.875015,29.187472,741100,3.739231
1998-06-16,29.000025,29.312482,29.000025,29.312482,369900,3.755246
1998-06-15,29.062531,29.187472,28.750006,28.750006,542700,3.683187
1998-06-12,29.187472,29.249979,29.000025,29.249979,495400,3.747239
1998-06-11,29.562503,29.625006,29.437494,29.499997,175500,3.771581
1998-06-10,29.374988,29.812521,29.249979,29.499997,367200,3.771581
1998-06-09,29.312482,29.999969,29.312482,29.499997,174100,3.771581
1998-06-08,29.687512,30.312494,29.062531,29.312482,523800,3.747607
1998-06-05,29.999969,30.249991,29.499997,29.562503,233500,3.779572
1998-06-04,29.374988,29.937534,29.374988,29.875028,189000,3.819529
1998-06-03,29.124966,29.812521,29.124966,29.562503,430600,3.779572
1998-06-02,29.062531,29.249979,28.875015,29.124966,314500,3.723633
1998-06-01,28.937522,29.249979,28.937522,29.062531,184900,3.715651
1998-05-29,28.750006,29.999969,28.750006,28.875015,240900,3.691677
1998-05-28,28.062518,28.812509,28.062518,28.562491,193600,3.651721
1998-05-27,27.624982,28.125021,27.624982,27.937506,190300,3.571816
1998-05-26,28.312469,28.875015,27.749994,27.749994,341500,3.547843
1998-05-22,29.062531,29.062531,28.000012,28.312469,324000,3.619755
1998-05-21,29.000025,29.249979,28.812509,29.124966,76900,3.723633
1998-05-20,29.562503,29.562503,28.499985,28.937522,431200,3.699668
1998-05-19,29.499997,30.062475,29.499997,29.562503,386700,3.779572
1998-05-18,29.937534,30.375,29.187472,29.374988,450100,3.755598
1998-05-15,29.374988,29.999969,29.374988,29.937534,309100,3.82752
1998-05-14,29.249979,29.312482,29.000025,29.249979,130200,3.739616
1998-05-13,28.812509,29.437494,28.812509,29.374988,217900,3.755598
1998-05-12,28.937522,28.937522,28.374975,28.937522,395500,3.699668
1998-05-11,29.374988,29.374988,28.875015,28.937522,254400,3.699668
1998-05-08,29.625006,29.625006,29.187472,29.374988,314500,3.755598
1998-05-07,29.625006,29.750018,29.499997,29.562503,315100,3.779572
1998-05-06,30.124978,30.124978,29.249979,29.750018,365800,3.803546
1998-05-05,30.187485,30.187485,29.750018,30.124978,203100,3.851485
1998-05-04,30.812466,30.874972,30.312494,30.312494,1023300,3.875459
1998-05-01,30.312494,30.500009,30.312494,30.437506,216600,3.891442
1998-04-30,29.499997,30.500009,29.499997,30.437506,282700,3.891442
1998-04-29,29.249979,29.437494,29.124966,29.374988,262500,3.755598
1998-04-28,29.124966,29.374988,29.000025,29.249979,257800,3.739616
1998-04-27,29.625006,29.687512,28.374975,28.875015,423900,3.691677
1998-04-24,30.124978,30.249991,29.750018,29.750018,288100,3.803546
1998-04-23,30.500009,30.687525,29.937534,30.062475,295600,3.843494
1998-04-22,30.812466,30.999982,30.625022,30.687525,134200,3.923407
1998-04-21,30.999982,31.124994,30.562515,30.937479,328600,3.955363
1998-04-20,30.187485,31.375012,30.187485,30.999982,496800,3.963354
1998-04-17,29.875028,30.187485,29.875028,30.187485,165300,3.859476
1998-04-16,29.937534,30.124978,29.812521,30.124978,237600,3.851485
1998-04-15,30.750031,30.874972,29.812521,29.812521,425800,3.811537
1998-04-14,29.625006,30.750031,29.499997,30.562515,1526800,3.907424
1998-04-13,29.562503,29.687512,29.437494,29.499997,965200,3.771581
1998-04-09,29.000025,29.937534,28.937522,29.750018,2862000,3.803546
1998-04-08,29.187472,29.437494,28.875015,28.875015,621600,3.691677
1998-04-07,29.562503,29.625006,29.124966,29.187472,286200,3.731625
1998-04-06,29.812521,29.937534,29.562503,29.687512,169300,3.795555
1998-04-03,29.875028,29.875028,29.625006,29.812521,293500,3.811537
1998-04-02,29.812521,29.999969,29.687512,29.937534,149800,3.82752
1998-04-01,29.999969,29.999969,29.625006,29.812521,421800,3.811537
1998-03-31,29.437494,29.937534,29.437494,29.937534,226000,3.82752
1998-03-30,29.374988,29.437494,28.624994,29.374988,497400,3.755598
1998-03-27,29.625006,29.687512,29.499997,29.499997,244900,3.771581
1998-03-26,29.562503,29.625006,29.437494,29.625006,370500,3.787563
1998-03-25,29.687512,29.687512,29.499997,29.625006,130200,3.787563
1998-03-24,29.249979,29.687512,29.249979,29.625006,392100,3.787563
1998-03-23,29.374988,29.687512,29.187472,29.312482,387400,3.747607
1998-03-20,29.562503,29.687512,29.499997,29.499997,528400,3.771581
1998-03-19,29.625006,29.812521,29.562503,29.625006,307000,3.787563
1998-03-18,29.249979,29.625006,29.249979,29.562503,592600,3.779572
1998-03-17,29.249979,29.625006,29.249979,29.312482,1327600,3.747607
1998-03-16,29.000025,29.687512,29.000025,29.499997,577800,3.771581
1998-03-13,28.125021,29.000025,28.125021,29.000025,627000,3.707659
1998-03-12,27.624982,28.187528,27.624982,28.125021,276000,3.588118
1998-03-11,27.375031,27.875003,27.375031,27.749994,328600,3.540273
1998-03-10,27.125009,27.812497,27.125009,27.437466,870700,3.500402
1998-03-09,26.74998,27.187515,26.74998,27.062506,1384300,3.452565
1998-03-06,26.687475,27.125009,26.687475,26.874989,338800,3.428642
1998-03-05,26.937495,27.062506,26.687475,26.74998,266500,3.412694
1998-03-04,27.187515,27.187515,27.00,27.125009,228700,3.460539
1998-03-03,27.250022,27.250022,27.125009,27.187515,201700,3.468514
1998-03-02,26.937495,27.375031,26.937495,27.187515,1353300,3.468514
1998-02-27,27.062506,27.187515,26.874989,26.874989,591300,3.428642
1998-02-26,27.187515,27.250022,27.125009,27.250022,413700,3.476488
1998-02-25,27.125009,27.125009,27.062506,27.125009,739800,3.460539
1998-02-24,27.250022,27.250022,27.00,27.125009,1881100,3.460539
1998-02-23,27.062506,27.187515,27.00,27.187515,178800,3.468514
1998-02-20,27.187515,27.187515,27.062506,27.125009,143100,3.460539
1998-02-19,27.250022,27.312525,27.00,27.125009,814600,3.460539
1998-02-18,26.74998,27.250022,26.687475,27.250022,363100,3.476488
1998-02-17,27.00,27.00,26.500028,26.874989,180900,3.428642
1998-02-13,27.250022,27.250022,26.937495,27.125009,278700,3.460539
1998-02-12,27.00,27.312525,26.687475,27.250022,213300,3.476488
1998-02-11,27.250022,27.375031,27.125009,27.125009,159900,3.460539
1998-02-10,27.375031,27.375031,27.062506,27.250022,375300,3.476488
1998-02-09,27.00,27.437466,26.874989,27.375031,750600,3.492436
1998-02-06,26.74998,27.00,26.687475,27.00,562200,3.444591
1998-02-05,27.00,27.00,26.74998,26.937495,250300,3.436617
1998-02-04,26.562532,26.937495,26.437523,26.937495,208500,3.436617
1998-02-03,26.124997,26.74998,26.124997,26.562532,278100,3.38878
1998-02-02,26.187503,26.250008,25.749968,26.062492,765400,3.324986
1998-01-30,26.812485,26.812485,26.062492,26.062492,211200,3.324986
1998-01-29,26.74998,26.937495,26.74998,26.937495,162600,3.436617
1998-01-28,26.500028,26.812485,26.500028,26.74998,197100,3.412694
1998-01-27,26.062492,26.500028,25.999988,26.375017,209200,3.364857
1998-01-26,27.00,27.125009,25.999988,25.999988,280000,3.317012
1998-01-23,27.00,27.187515,26.812485,27.062506,121500,3.452565
1998-01-22,26.437523,27.00,26.375017,27.00,442000,3.444591
1998-01-21,26.312512,26.500028,26.062492,26.437523,267900,3.372831
1998-01-20,26.437523,26.624969,26.062492,26.437523,154500,3.372831
1998-01-16,25.749968,26.874989,25.749968,26.500028,217300,3.380806
1998-01-15,26.437523,26.500028,25.56252,25.749968,187600,3.285115
1998-01-14,26.250008,26.74998,26.250008,26.500028,288900,3.380806
1998-01-13,25.625025,26.250008,25.500015,26.124997,280000,3.33296
1998-01-12,25.812472,25.999988,25.375005,25.375005,324600,3.237278
1998-01-09,26.250008,26.437523,25.874977,25.874977,259200,3.301063
1998-01-08,26.375017,26.687475,26.312512,26.375017,278700,3.364857
1998-01-07,26.874989,26.874989,25.999988,26.250008,239500,3.348909
1998-01-06,26.437523,27.00,26.250008,27.00,668200,3.444591
1998-01-05,26.312512,26.624969,25.874977,26.375017,157900,3.364857
1998-01-02,26.874989,26.937495,26.375017,26.437523,210600,3.372831
1997-12-31,27.312525,27.312525,26.312512,27.00,207900,3.444591
1997-12-30,26.500028,28.000012,26.500028,27.437466,539200,3.500402
1997-12-29,25.249995,26.624969,25.249995,26.500028,567600,3.380806
1997-12-26,25.249995,25.249995,25.06248,25.249995,58000,3.22133
1997-12-24,25.249995,25.249995,25.124985,25.124985,14800,3.205381
1997-12-23,25.249995,25.375005,25.187489,25.187489,318600,3.213355
1997-12-22,24.999975,25.625025,24.999975,25.249995,590500,3.22133
1997-12-19,24.500003,24.999975,24.312488,24.999975,592600,3.189433
1997-12-18,24.875032,24.999975,24.562508,24.750023,258400,3.157545
1997-12-17,24.374992,24.999975,24.000031,24.374992,97200,3.109699
1997-12-16,23.812515,24.500003,23.687505,24.500003,159300,3.125648
1997-12-15,23.812515,23.87502,23.562495,23.687505,222000,3.021991
1997-12-12,23.87502,23.87502,23.750011,23.812515,39700,3.03794
1997-12-11,24.124972,24.124972,23.750011,23.812515,126100,3.03794
1997-12-10,24.562508,24.562508,24.312488,24.312488,84300,3.101725
1997-12-09,24.562508,24.687517,24.500003,24.687517,65400,3.14957
1997-12-08,24.374992,24.687517,24.312488,24.687517,359100,3.14957
1997-12-05,24.124972,24.500003,24.124972,24.500003,192300,3.125648
1997-12-04,24.437497,24.437497,24.187477,24.437497,147100,3.110018
1997-12-03,24.374992,24.500003,24.374992,24.500003,446100,3.117972
1997-12-02,24.249983,24.437497,24.249983,24.374992,105900,3.102063
1997-12-01,23.812515,24.249983,23.750011,24.249983,121500,3.086154
1997-11-28,23.937525,24.187477,23.750011,23.750011,155200,3.022525
1997-11-26,23.625,23.87502,23.499989,23.812515,113400,3.03048
1997-11-25,23.312475,23.625,23.312475,23.562495,90400,2.998661
1997-11-24,23.499989,23.499989,23.187532,23.312475,122800,2.966843
1997-11-21,23.562495,23.87502,23.562495,23.625,76900,3.006616
1997-11-20,23.750011,23.87502,23.562495,23.562495,105900,2.998661
1997-11-19,23.750011,24.000031,23.750011,23.750011,115300,3.022525
1997-11-18,23.937525,24.000031,23.562495,23.87502,271900,3.038434
1997-11-17,23.750011,23.937525,23.750011,23.937525,130900,3.046389
1997-11-14,23.687505,23.750011,23.562495,23.625,235500,3.006616
1997-11-13,23.437485,23.87502,23.249969,23.687505,180900,3.01457
1997-11-12,23.562495,23.625,23.37498,23.437485,152500,2.982752
1997-11-11,23.687505,23.750011,23.499989,23.499989,62700,2.990706
1997-11-10,23.687505,23.87502,23.37498,23.687505,158500,3.01457
1997-11-07,23.750011,23.750011,23.562495,23.687505,376600,3.01457
1997-11-06,23.750011,24.000031,23.750011,23.87502,185500,3.038434
1997-11-05,23.562495,23.937525,23.562495,23.937525,184200,3.046389
1997-11-04,23.750011,23.750011,23.499989,23.562495,257100,2.998661
1997-11-03,23.562495,23.937525,23.499989,23.87502,193600,3.038434
1997-10-31,23.125028,23.750011,23.125028,23.562495,388800,2.998661
1997-10-30,22.562483,23.125028,22.562483,23.062523,163900,2.935033
1997-10-29,22.437472,22.812503,22.437472,22.687492,1850800,2.887305
1997-10-28,22.062511,22.624988,21.624975,22.374968,504900,2.847532
1997-10-27,23.312475,23.87502,22.562483,22.562483,415800,2.871396
1997-10-24,23.562495,23.812515,23.499989,23.687505,203100,3.01457
1997-10-23,23.37498,23.625,23.37498,23.499989,166600,2.990706
1997-10-22,23.937525,24.062468,23.687505,23.87502,173400,3.038434
1997-10-21,23.625,24.124972,23.625,24.062468,74800,3.06229
1997-10-20,23.87502,23.87502,23.499989,23.687505,152500,3.01457
1997-10-17,23.812515,24.062468,23.312475,24.000031,683100,3.054344
1997-10-16,23.87502,23.937525,23.812515,23.812515,187600,3.03048
1997-10-15,23.750011,24.124972,23.750011,24.000031,140400,3.054344
1997-10-14,24.000031,24.000031,23.812515,23.87502,172800,3.038434
1997-10-13,23.750011,24.562508,23.750011,24.187477,359100,3.078199
1997-10-10,23.499989,24.312488,23.499989,23.750011,251700,3.022525
1997-10-09,24.062468,24.062468,23.562495,23.625,247000,3.006616
1997-10-08,23.87502,24.312488,23.750011,24.187477,108600,3.078199
1997-10-07,23.625,24.000031,23.249969,24.000031,820800,3.054344
1997-10-06,24.000031,24.000031,23.625,23.625,911200,3.006616
1997-10-03,24.437497,24.437497,24.000031,24.000031,486000,3.054344
1997-10-02,23.87502,24.750023,23.750011,24.374992,427200,3.102063
1997-10-01,23.499989,24.500003,23.437485,24.000031,380700,3.054344
1997-09-30,23.687505,23.937525,23.249969,23.499989,655300,2.990706
1997-09-29,24.124972,24.124972,23.87502,23.87502,202500,3.038434
1997-09-26,24.312488,24.312488,24.000031,24.312488,275400,3.094108
1997-09-25,23.812515,24.124972,23.750011,24.124972,126100,3.070244
1997-09-24,24.187477,24.187477,23.750011,23.750011,130200,3.022525
1997-09-23,23.687505,24.437497,23.625,24.312488,367200,3.094108
1997-09-22,23.687505,23.87502,23.625,23.87502,361000,3.038434
1997-09-19,23.812515,23.937525,23.687505,23.812515,368500,3.03048
1997-09-18,23.687505,23.87502,23.687505,23.87502,104500,3.038434
1997-09-17,23.937525,23.937525,23.750011,23.812515,76900,3.03048
1997-09-16,23.87502,24.000031,23.812515,23.937525,248400,3.046389
1997-09-15,23.750011,23.812515,23.562495,23.750011,212500,3.022525
1997-09-12,23.062523,23.812515,23.062523,23.812515,168700,3.03048
1997-09-11,23.37498,23.437485,23.000017,23.249969,389400,2.951251
1997-09-10,23.000017,23.437485,22.937512,23.437485,481900,2.975054
1997-09-09,22.812503,23.125028,22.812503,23.125028,452800,2.935392
1997-09-08,23.499989,23.499989,22.875008,23.000017,379300,2.919523
1997-09-05,23.499989,23.499989,23.062523,23.312475,135600,2.959185
1997-09-04,23.312475,23.750011,23.312475,23.625,47800,2.998856
1997-09-03,23.37498,23.437485,23.125028,23.312475,493300,2.959185
1997-09-02,23.062523,24.000031,23.062523,23.187532,334800,2.943326
1997-08-29,23.000017,23.312475,23.000017,23.000017,180100,2.919523
1997-08-28,22.812503,23.312475,22.812503,23.125028,237600,2.935392
1997-08-27,22.937512,23.000017,22.624988,22.937512,459600,2.911589
1997-08-26,23.187532,23.37498,22.937512,23.062523,358300,2.927458
1997-08-25,22.937512,23.249969,22.749997,23.062523,822700,2.927458
1997-08-22,23.000017,23.000017,22.812503,23.000017,330700,2.919523
1997-08-21,23.249969,23.437485,22.875008,23.000017,720900,2.919523
1997-08-20,23.062523,23.249969,23.000017,23.187532,167400,2.943326
1997-08-19,22.499977,23.187532,22.499977,23.062523,645900,2.927458
1997-08-18,22.812503,22.812503,22.374968,22.437472,221400,2.848116
1997-08-15,23.000017,23.000017,22.812503,22.875008,182200,2.903655
1997-08-14,23.187532,23.187532,22.875008,22.875008,133600,2.903655
1997-08-13,23.37498,23.37498,22.749997,23.000017,240900,2.919523
1997-08-12,23.312475,23.562495,23.312475,23.312475,379300,2.959185
1997-08-11,23.312475,23.37498,22.937512,23.249969,260500,2.951251
1997-08-08,23.750011,24.124972,23.249969,23.312475,310500,2.959185
1997-08-07,22.812503,23.750011,22.812503,23.625,195000,2.998856
1997-08-06,22.312531,22.875008,22.312531,22.875008,47800,2.903655
1997-08-05,22.250025,22.374968,22.125015,22.374968,251700,2.840182
1997-08-04,21.874995,22.374968,21.874995,22.374968,109300,2.840182
1997-08-01,22.000005,22.125015,21.874995,21.874995,140400,2.776718
1997-07-31,26.74998,27.00,26.74998,27.00,322600,3.427264
1997-07-30,26.250008,26.74998,26.250008,26.74998,509500,3.395528
1997-07-29,25.999988,26.312512,25.749968,26.312512,332100,3.339997
1997-07-28,26.312512,26.312512,25.625025,26.124997,573000,3.316195
1997-07-25,26.375017,26.500028,26.250008,26.312512,521700,3.339997
1997-07-24,26.062492,26.375017,26.062492,26.312512,363100,3.339997
1997-07-23,26.312512,26.312512,25.999988,26.124997,366400,3.316195
1997-07-22,25.874977,26.312512,25.874977,26.250008,791100,3.332063
1997-07-21,25.437511,25.749968,25.437511,25.625025,325300,3.252731
1997-07-18,25.812472,25.812472,25.375005,25.437511,193600,3.228928
1997-07-17,25.874977,25.937483,25.625025,25.937483,411000,3.292393
1997-07-16,25.437511,25.874977,25.437511,25.874977,632400,3.284458
1997-07-15,24.750023,25.437511,24.750023,25.375005,263200,3.220994
1997-07-14,24.999975,25.124985,24.625012,24.875032,450900,3.15753
1997-07-11,25.375005,25.625025,24.812528,24.999975,1599000,3.173389
1997-07-10,24.999975,25.500015,24.999975,25.500015,213900,3.236862
1997-07-09,25.500015,25.500015,24.999975,24.999975,212500,3.173389
1997-07-08,25.375005,25.500015,25.375005,25.500015,911800,3.236862
1997-07-07,24.750023,25.500015,24.750023,25.500015,329400,3.236862
1997-07-03,24.937469,24.937469,24.812528,24.937469,255100,3.165455
1997-07-02,24.750023,24.999975,24.625012,24.875032,352900,3.15753
1997-07-01,23.499989,24.750023,23.499989,24.750023,483300,3.141662
1997-06-30,23.625,24.000031,23.499989,23.499989,753300,2.982988
1997-06-27,23.562495,24.124972,23.562495,24.000031,649300,3.046461
1997-06-26,23.750011,23.87502,23.499989,23.499989,213300,2.982988
1997-06-25,23.625,23.750011,23.499989,23.562495,267900,2.990922
1997-06-24,23.625,23.750011,23.499989,23.562495,240300,2.990922
1997-06-23,23.750011,23.750011,23.625,23.625,386100,2.998856
1997-06-20,23.499989,23.87502,23.37498,23.625,530500,2.998856
1997-06-19,24.124972,24.374992,24.124972,24.249983,277300,3.078189
1997-06-18,23.87502,24.124972,23.750011,24.124972,122100,3.06232
1997-06-17,24.000031,24.124972,23.87502,23.87502,217300,3.030592
1997-06-16,23.750011,24.124972,23.750011,24.124972,247600,3.06232
1997-06-13,23.87502,24.124972,23.750011,23.750011,259200,3.014724
1997-06-12,23.499989,23.750011,23.37498,23.750011,330700,3.014724
1997-06-11,23.499989,23.87502,23.499989,23.750011,1052200,3.007107
1997-06-10,23.125028,23.750011,23.125028,23.499989,324000,2.975451
1997-06-09,23.37498,23.625,23.37498,23.37498,178200,2.959623
1997-06-06,23.37498,23.625,23.249969,23.37498,264600,2.959623
1997-06-05,23.249969,23.499989,23.249969,23.249969,217900,2.943794
1997-06-04,23.249969,23.37498,23.125028,23.249969,81000,2.943794
1997-06-03,23.499989,23.499989,23.125028,23.37498,134200,2.959623
1997-06-02,23.37498,23.499989,23.249969,23.37498,127500,2.959623
1997-05-30,23.000017,23.37498,23.000017,23.37498,162600,2.959623
1997-05-29,23.125028,23.249969,23.000017,23.125028,627700,2.927975
1997-05-28,23.37498,23.37498,23.125028,23.125028,227400,2.927975
1997-05-27,23.499989,23.750011,23.37498,23.499989,151200,2.975451
1997-05-23,23.249969,23.750011,23.249969,23.750011,139000,3.007107
1997-05-22,23.249969,23.499989,23.249969,23.249969,288100,2.943794
1997-05-21,23.37498,23.499989,23.37498,23.37498,66100,2.959623
1997-05-20,23.499989,23.499989,23.249969,23.37498,154500,2.959623
1997-05-19,23.125028,23.37498,23.000017,23.37498,256500,2.959623
1997-05-16,23.249969,23.249969,23.000017,23.000017,182200,2.912147
1997-05-15,23.000017,23.249969,23.000017,23.000017,638500,2.912147
1997-05-14,23.125028,23.249969,22.749997,23.000017,362400,2.912147
1997-05-13,23.249969,23.249969,23.125028,23.249969,303000,2.943794
1997-05-12,23.000017,23.249969,22.875008,23.249969,286200,2.943794
1997-05-09,23.625,23.750011,22.749997,22.875008,152500,2.896319
1997-05-08,23.87502,23.87502,23.625,23.625,63400,2.991279
1997-05-07,23.87502,24.249983,23.750011,24.000031,602100,3.038763
1997-05-06,23.87502,24.124972,23.625,23.87502,273300,3.022935
1997-05-05,23.499989,24.249983,23.37498,24.124972,525700,3.054583
1997-05-02,23.499989,23.625,23.000017,23.499989,282100,2.975451
1997-05-01,22.499977,23.499989,22.499977,23.499989,386100,2.975451
1997-04-30,22.125015,22.374968,22.125015,22.374968,206500,2.833006
1997-04-29,22.000005,22.250025,22.000005,22.000005,94500,2.78553
1997-04-28,22.250025,22.374968,22.000005,22.000005,93700,2.78553
1997-04-25,21.749985,22.000005,21.749985,22.000005,321900,2.78553
1997-04-24,21.500032,21.749985,21.500032,21.749985,105900,2.753874
1997-04-23,21.624975,21.749985,21.500032,21.500032,64000,2.722226
1997-04-22,21.500032,21.624975,21.500032,21.624975,51300,2.738046
1997-04-21,21.624975,21.624975,21.500032,21.500032,53200,2.722226
1997-04-18,21.749985,21.749985,21.624975,21.749985,93100,2.753874
1997-04-17,21.500032,21.749985,21.500032,21.624975,240900,2.738046
1997-04-16,21.749985,21.749985,21.500032,21.500032,132900,2.722226
1997-04-15,21.375023,21.874995,21.250012,21.874995,312400,2.769702
1997-04-14,21.375023,21.375023,21.250012,21.250012,308400,2.69057
1997-04-11,21.749985,21.749985,21.250012,21.250012,188200,2.69057
1997-04-10,21.874995,22.000005,21.874995,21.874995,152500,2.769702
1997-04-09,21.624975,22.000005,21.624975,22.000005,355000,2.78553
1997-04-08,21.500032,21.749985,21.375023,21.500032,222700,2.722226
1997-04-07,21.500032,21.749985,21.375023,21.500032,222700,2.722226
1997-04-04,21.375023,21.500032,21.375023,21.500032,102600,2.722226
1997-04-03,21.375023,21.500032,21.125003,21.375023,213300,2.706398
1997-04-02,21.375023,21.500032,21.250012,21.375023,432600,2.706398
1997-04-01,21.250012,21.375023,21.250012,21.375023,85600,2.706398
1997-03-31,21.500032,21.500032,21.125003,21.125003,456300,2.674742
1997-03-27,22.000005,22.125015,21.375023,21.375023,155800,2.706398
1997-03-26,21.874995,22.250025,21.874995,22.000005,873400,2.78553
1997-03-25,21.874995,22.000005,21.874995,21.874995,60000,2.769702
1997-03-24,21.624975,22.000005,21.624975,22.000005,438000,2.78553
1997-03-21,22.000005,22.125015,21.874995,21.874995,245700,2.769702
1997-03-20,21.749985,22.125015,21.749985,21.874995,228700,2.769702
1997-03-19,21.874995,22.000005,21.749985,22.000005,330000,2.78553
1997-03-18,21.749985,22.125015,21.749985,21.874995,359700,2.769702
1997-03-17,22.250025,22.250025,21.874995,22.000005,153900,2.78553
1997-03-14,22.125015,22.499977,21.874995,22.499977,255100,2.848834
1997-03-13,21.749985,22.250025,21.749985,22.000005,228700,2.78553
1997-03-12,22.374968,22.374968,21.749985,21.874995,141000,2.762104
1997-03-11,22.250025,22.499977,21.874995,22.499977,197700,2.841019
1997-03-10,22.250025,22.374968,22.125015,22.250025,127500,2.809458
1997-03-07,22.125015,22.374968,22.000005,22.000005,156600,2.777889
1997-03-06,21.749985,22.250025,21.749985,22.250025,126900,2.809458
1997-03-05,22.125015,22.250025,21.749985,21.749985,527100,2.74632
1997-03-04,22.000005,22.499977,21.874995,22.250025,861900,2.809458
1997-03-03,21.500032,22.000005,21.500032,22.000005,235500,2.777889
1997-02-28,21.375023,21.500032,21.375023,21.500032,227400,2.714759
1997-02-27,21.749985,21.874995,21.375023,21.624975,130900,2.730535
1997-02-26,21.500032,21.874995,21.500032,21.749985,383400,2.74632
1997-02-25,21.749985,21.749985,21.375023,21.500032,373200,2.714759
1997-02-24,20.999992,21.500032,20.625031,21.500032,222700,2.714759
1997-02-21,20.874983,21.125003,20.50002,21.125003,198400,2.667405
1997-02-20,21.624975,21.874995,20.50002,20.749972,361800,2.62005
1997-02-19,21.749985,22.125015,21.250012,21.749985,909900,2.74632
1997-02-18,22.000005,22.000005,21.749985,21.874995,278700,2.762104
1997-02-14,21.500032,22.250025,21.500032,22.125015,472500,2.793674
1997-02-13,21.624975,21.749985,21.500032,21.624975,131500,2.730535
1997-02-12,21.874995,21.874995,21.375023,21.500032,219300,2.714759
1997-02-11,22.125015,22.125015,21.500032,21.624975,213300,2.730535
1997-02-10,21.749985,22.250025,21.624975,22.250025,300300,2.809458
1997-02-07,21.874995,21.874995,21.250012,21.500032,199000,2.714759
1997-02-06,21.500032,21.874995,21.500032,21.749985,485200,2.74632
1997-02-05,21.250012,21.749985,21.250012,21.500032,481200,2.714759
1997-02-04,20.749972,21.250012,20.749972,21.125003,447400,2.667405
1997-02-03,20.874983,20.874983,20.625031,20.874983,182200,2.635835
1997-01-31,20.375011,20.749972,20.375011,20.749972,291600,2.62005
1997-01-30,20.25,20.625031,20.25,20.50002,141000,2.588489
1997-01-29,20.124989,20.625031,19.874969,20.375011,338800,2.572705
1997-01-28,20.375011,20.625031,19.874969,20.25,560200,2.55692
1997-01-27,19.99998,20.50002,19.874969,20.375011,621600,2.572705
1997-01-24,20.625031,20.749972,19.99998,19.99998,352900,2.525351
1997-01-23,21.749985,21.749985,20.749972,20.749972,247000,2.62005
1997-01-22,22.125015,22.125015,21.624975,21.624975,287500,2.730535
1997-01-21,22.000005,22.125015,21.749985,22.000005,311800,2.777889
1997-01-20,21.375023,21.874995,21.375023,21.874995,316500,2.762104
1997-01-17,20.749972,21.500032,20.749972,21.375023,224100,2.698974
1997-01-16,20.625031,21.375023,20.625031,20.999992,392100,2.65162
1997-01-15,20.874983,20.999992,20.625031,20.749972,159300,2.62005
1997-01-14,20.874983,20.999992,20.874983,20.999992,145000,2.65162
1997-01-13,20.874983,20.999992,20.749972,20.999992,221400,2.65162
1997-01-10,20.625031,20.999992,20.625031,20.874983,149100,2.635835
1997-01-09,20.999992,21.125003,20.50002,20.874983,346200,2.635835
1997-01-08,21.624975,21.749985,21.125003,21.125003,163300,2.667405
1997-01-07,21.500032,21.624975,21.375023,21.624975,334000,2.730535
1997-01-06,21.749985,21.874995,21.500032,21.624975,122100,2.730535
1997-01-03,21.500032,22.000005,21.500032,21.749985,521100,2.74632
1997-01-02,22.000005,22.000005,21.375023,21.375023,243600,2.698974
1996-12-31,21.624975,22.250025,21.500032,22.250025,321300,2.809458
1996-12-30,21.500032,21.874995,21.250012,21.874995,184900,2.762104
1996-12-27,20.625031,21.624975,20.625031,21.624975,292200,2.730535
1996-12-26,21.125003,21.375023,20.625031,20.874983,403600,2.635835
1996-12-24,20.25,21.250012,20.25,21.250012,391500,2.683189
1996-12-23,20.25,20.50002,20.124989,20.25,301600,2.55692
1996-12-20,20.625031,20.625031,20.124989,20.375011,363700,2.572705
1996-12-19,20.25,20.625031,20.124989,20.375011,508200,2.572705
1996-12-18,20.25,20.625031,20.124989,20.375011,322600,2.572705
1996-12-17,20.25,20.50002,20.124989,20.375011,460300,2.572705
1996-12-16,20.749972,20.749972,20.25,20.375011,79600,2.572705
1996-12-13,20.999992,20.999992,20.749972,20.749972,61300,2.62005
1996-12-12,20.999992,21.125003,20.999992,21.125003,103900,2.667405
1996-12-11,20.999992,21.125003,20.874983,21.125003,342100,2.667405
1996-12-10,20.999992,21.375023,20.999992,21.375023,113400,2.698974
1996-12-09,20.25,21.125003,20.124989,20.999992,388000,2.65162
1996-12-06,20.375011,20.375011,19.99998,20.25,342900,2.55692
1996-12-05,21.250012,21.375023,20.999992,20.999992,47800,2.65162
1996-12-04,20.999992,21.250012,20.999992,21.250012,226000,2.675612
1996-12-03,21.125003,21.375023,20.999992,20.999992,213900,2.644132
1996-12-02,21.500032,21.500032,21.125003,21.375023,365800,2.691352
1996-11-29,20.999992,21.624975,20.999992,21.250012,127500,2.675612
1996-11-27,20.749972,20.999992,20.749972,20.999992,115300,2.644132
1996-11-26,20.124989,20.874983,19.99998,20.874983,305700,2.628392
1996-11-25,19.99998,20.124989,19.874969,20.124989,155800,2.533959
1996-11-22,20.25,20.25,19.625017,20.124989,272700,2.533959
1996-11-21,20.50002,20.50002,20.25,20.25,132300,2.549699
1996-11-20,20.124989,20.50002,19.99998,20.50002,206500,2.58118
1996-11-19,20.375011,20.375011,20.124989,20.25,69400,2.549699
1996-11-18,20.50002,20.625031,20.375011,20.50002,145800,2.58118
1996-11-15,20.25,20.625031,20.25,20.50002,309700,2.58118
1996-11-14,20.25,20.375011,20.124989,20.25,125500,2.549699
1996-11-13,20.25,20.375011,20.25,20.25,103900,2.549699
1996-11-12,20.25,20.375011,20.124989,20.375011,96400,2.56544
1996-11-11,20.25,20.375011,20.124989,20.25,378600,2.549699
1996-11-08,20.25,20.375011,19.99998,20.124989,271300,2.533959
1996-11-07,19.99998,20.25,19.99998,20.25,187600,2.549699
1996-11-06,19.750028,20.124989,19.750028,20.124989,272700,2.533959
1996-11-05,19.874969,19.99998,19.500008,19.750028,364500,2.486747
1996-11-04,19.625017,19.874969,19.625017,19.750028,168700,2.486747
1996-11-01,19.750028,19.99998,19.625017,19.99998,194400,2.518219
1996-10-31,20.25,20.25,19.874969,19.874969,454900,2.502479
1996-10-30,20.25,20.25,20.124989,20.25,349600,2.549699
1996-10-29,19.625017,20.25,19.625017,20.25,514900,2.549699
1996-10-28,19.374997,19.374997,19.249988,19.249988,121500,2.423787
1996-10-25,19.750028,19.750028,19.124977,19.374997,372600,2.439527
1996-10-24,19.750028,19.750028,19.500008,19.750028,384700,2.486747
1996-10-23,19.374997,19.874969,19.374997,19.874969,207100,2.502479
1996-10-22,19.500008,19.625017,19.374997,19.374997,708000,2.439527
1996-10-21,19.124977,19.874969,18.999968,19.625017,1110300,2.471007
1996-10-18,18.750015,18.999968,18.625005,18.999968,161200,2.392307
1996-10-17,18.249975,18.750015,18.125032,18.750015,168700,2.360835
1996-10-16,18.125032,18.249975,17.750003,18.249975,489300,2.297874
1996-10-15,18.499995,18.625005,18.125032,18.125032,633700,2.282142
1996-10-14,18.875025,18.875025,18.499995,18.499995,307800,2.329355
1996-10-11,18.999968,18.999968,18.875025,18.875025,656100,2.376575
1996-10-10,18.750015,18.999968,18.750015,18.999968,137700,2.392307
1996-10-09,18.750015,18.999968,18.750015,18.750015,139600,2.360835
1996-10-08,18.999968,18.999968,18.750015,18.875025,193600,2.376575
1996-10-07,19.124977,19.249988,18.999968,18.999968,513600,2.392307
1996-10-04,18.750015,19.124977,18.625005,18.999968,206500,2.392307
1996-10-03,19.249988,19.249988,18.499995,18.750015,627700,2.360835
1996-10-02,19.124977,19.374997,19.124977,19.374997,81000,2.439527
1996-10-01,18.875025,19.124977,18.750015,18.875025,263800,2.376575
1996-09-30,19.750028,19.750028,18.875025,18.875025,181500,2.376575
1996-09-27,19.374997,19.750028,19.249988,19.750028,275400,2.486747
1996-09-26,18.750015,19.625017,18.750015,19.374997,231400,2.439527
1996-09-25,18.499995,18.875025,18.499995,18.750015,2284200,2.360835
1996-09-24,18.999968,19.124977,18.750015,18.750015,324600,2.360835
1996-09-23,19.124977,19.124977,18.999968,19.124977,297600,2.408047
1996-09-20,19.124977,19.249988,18.999968,19.249988,548700,2.423787
1996-09-19,19.500008,19.500008,19.249988,19.374997,328600,2.439527
1996-09-18,19.374997,19.750028,19.249988,19.625017,102600,2.471007
1996-09-17,19.750028,19.750028,19.249988,19.374997,78300,2.439527
1996-09-16,19.99998,19.99998,19.750028,19.750028,197700,2.486747
1996-09-13,20.124989,20.25,20.124989,20.124989,47200,2.533959
1996-09-12,19.99998,20.25,19.874969,20.124989,139600,2.533959
1996-09-11,19.99998,20.124989,19.99998,20.124989,37000,2.526404
1996-09-10,19.750028,19.99998,19.750028,19.99998,166000,2.51071
1996-09-09,19.500008,19.874969,19.500008,19.874969,172000,2.495017
1996-09-06,19.500008,19.562512,19.500008,19.500008,53200,2.447946
1996-09-05,19.625017,19.625017,19.500008,19.625017,47800,2.463639
1996-09-04,19.625017,19.750028,19.500008,19.500008,85000,2.447946
1996-09-03,19.374997,19.500008,19.249988,19.500008,40500,2.447946
1996-08-30,19.500008,19.750028,19.249988,19.374997,140400,2.432253
1996-08-29,19.374997,19.874969,19.374997,19.750028,156600,2.479333
1996-08-28,19.500008,19.500008,19.249988,19.249988,84300,2.41656
1996-08-27,19.249988,19.625017,19.249988,19.500008,175500,2.447946
1996-08-26,18.999968,19.374997,18.999968,19.249988,148500,2.41656
1996-08-23,19.124977,19.249988,19.124977,19.249988,39100,2.41656
1996-08-22,19.124977,19.249988,18.999968,19.249988,68100,2.41656
1996-08-21,18.999968,19.124977,18.875025,19.124977,213900,2.400866
1996-08-20,19.124977,19.249988,19.124977,19.124977,50500,2.400866
1996-08-19,19.374997,19.374997,19.124977,19.124977,23500,2.400866
1996-08-16,19.124977,19.500008,19.124977,19.374997,50500,2.432253
1996-08-15,18.875025,19.249988,18.750015,19.124977,198400,2.400866
1996-08-14,18.999968,18.999968,18.875025,18.999968,66700,2.385173
1996-08-13,18.875025,18.999968,18.875025,18.999968,148500,2.385173
1996-08-12,18.999968,18.999968,18.875025,18.875025,406300,2.369488
1996-08-09,19.374997,19.374997,18.999968,18.999968,71500,2.385173
1996-08-08,19.124977,19.249988,18.999968,19.249988,141000,2.41656
1996-08-07,18.999968,19.249988,18.875025,19.249988,269200,2.41656
1996-08-06,19.249988,19.374997,18.999968,18.999968,218700,2.385173
1996-08-05,19.374997,19.374997,19.374997,19.374997,150400,2.432253
1996-08-02,18.750015,19.124977,18.750015,19.124977,243000,2.400866
1996-08-01,18.750015,18.750015,18.374985,18.499995,357700,2.322409
1996-07-31,18.499995,18.625005,18.374985,18.625005,724200,2.338102
1996-07-30,18.625005,18.625005,18.499995,18.499995,198400,2.322409
1996-07-29,18.875025,18.875025,18.499995,18.625005,352900,2.338102
1996-07-26,18.750015,18.875025,18.750015,18.750015,159300,2.353795
1996-07-25,18.750015,18.999968,18.625005,18.875025,143100,2.369488
1996-07-24,18.750015,18.750015,18.249975,18.625005,322600,2.338102
1996-07-23,19.500008,19.500008,18.625005,18.625005,310500,2.338102
1996-07-22,19.750028,19.874969,19.124977,19.249988,177400,2.41656
1996-07-19,19.99998,19.99998,19.874969,19.874969,36400,2.495017
1996-07-18,19.99998,20.375011,19.99998,19.99998,192300,2.51071
1996-07-17,19.750028,19.99998,19.750028,19.99998,76200,2.51071
1996-07-16,19.874969,19.874969,19.500008,19.750028,598000,2.479333
1996-07-15,19.750028,20.25,19.750028,19.99998,646600,2.51071
1996-07-12,19.625017,19.874969,19.500008,19.750028,227400,2.479333
1996-07-11,19.374997,19.874969,19.124977,19.500008,227400,2.447946
1996-07-10,19.99998,19.99998,19.374997,19.500008,339400,2.447946
1996-07-09,20.375011,20.375011,19.99998,20.124989,218700,2.526404
1996-07-08,20.874983,20.874983,20.50002,20.625031,189600,2.589177
1996-07-05,21.250012,21.375023,20.874983,20.874983,81600,2.620555
1996-07-03,21.375023,21.500032,21.250012,21.250012,76900,2.667634
1996-07-02,21.624975,21.624975,21.375023,21.500032,146400,2.69902
1996-07-01,21.624975,21.624975,21.375023,21.624975,397500,2.714705
1996-06-28,20.999992,21.749985,20.999992,21.500032,504900,2.69902
1996-06-27,20.999992,21.125003,20.999992,20.999992,339400,2.636248
1996-06-26,21.874995,21.874995,20.999992,20.999992,103200,2.636248
1996-06-25,21.624975,21.874995,21.624975,21.749985,140400,2.730398
1996-06-24,21.250012,21.500032,21.125003,21.500032,133600,2.69902
1996-06-21,21.125003,21.250012,21.125003,21.125003,189600,2.651941
1996-06-20,21.375023,21.375023,21.250012,21.375023,93100,2.683327
1996-06-19,21.375023,21.375023,21.125003,21.375023,345600,2.683327
1996-06-18,21.125003,21.250012,20.999992,21.250012,288900,2.667634
1996-06-17,21.250012,21.250012,21.125003,21.125003,210600,2.651941
1996-06-14,21.624975,21.749985,21.250012,21.250012,268600,2.667634
1996-06-13,21.624975,21.624975,21.250012,21.500032,389400,2.69902
1996-06-12,21.749985,22.000005,21.624975,21.624975,473100,2.714705
1996-06-11,21.874995,21.874995,21.624975,21.874995,163300,2.738559
1996-06-10,21.874995,21.874995,21.624975,21.749985,365800,2.722908
1996-06-07,21.749985,22.125015,21.749985,22.125015,463000,2.769859
1996-06-06,22.000005,22.000005,21.749985,22.000005,537900,2.754209
1996-06-05,22.250025,22.250025,21.749985,21.749985,367200,2.722908
1996-06-04,21.874995,22.250025,21.749985,22.250025,689800,2.785509
1996-06-03,21.749985,21.749985,21.500032,21.624975,341500,2.707258
1996-05-31,21.125003,21.624975,21.125003,21.500032,456300,2.691617
1996-05-30,20.625031,20.999992,20.625031,20.999992,447400,2.629016
1996-05-29,20.375011,20.749972,20.375011,20.749972,819400,2.597716
1996-05-28,20.625031,20.625031,20.375011,20.375011,64000,2.550774
1996-05-24,20.50002,20.749972,20.375011,20.625031,228700,2.582074
1996-05-23,19.874969,20.749972,19.874969,20.50002,407700,2.566424
1996-05-22,20.375011,20.375011,19.99998,20.124989,95800,2.519473
1996-05-21,20.874983,20.874983,20.25,20.25,214600,2.535123
1996-05-20,20.749972,20.874983,20.625031,20.749972,505500,2.597716
1996-05-17,20.50002,20.749972,20.50002,20.749972,372600,2.597716
1996-05-16,19.874969,20.50002,19.874969,20.50002,340200,2.566424
1996-05-15,20.25,20.25,19.750028,19.99998,467700,2.503823
1996-05-14,19.374997,20.25,19.374997,20.25,517000,2.535123
1996-05-13,19.249988,19.249988,19.124977,19.249988,216600,2.409931
1996-05-10,18.999968,19.249988,18.999968,19.249988,342100,2.409931
1996-05-09,18.875025,18.999968,18.875025,18.999968,183600,2.37863
1996-05-08,18.875025,18.999968,18.750015,18.999968,494100,2.37863
1996-05-07,19.124977,19.124977,18.999968,18.999968,276700,2.37863
1996-05-06,18.750015,18.999968,18.750015,18.999968,1763100,2.37863
1996-05-03,19.124977,19.124977,18.625005,18.625005,135600,2.331688
1996-05-02,18.999968,19.124977,18.999968,18.999968,180100,2.37863
1996-05-01,19.249988,19.249988,18.999968,19.124977,272700,2.39428
1996-04-30,18.875025,19.374997,18.875025,19.249988,342100,2.409931
1996-04-29,18.625005,19.374997,18.499995,18.999968,594600,2.37863
1996-04-26,18.875025,18.875025,18.625005,18.625005,210600,2.331688
1996-04-25,18.125032,18.875025,18.000023,18.750015,510300,2.347338
1996-04-24,17.624992,18.249975,17.624992,18.125032,321300,2.269096
1996-04-23,18.000023,18.000023,17.624992,17.624992,320500,2.206495
1996-04-22,18.000023,18.249975,17.624992,17.875012,554100,2.237796
1996-04-19,17.750003,17.875012,17.624992,17.750003,113400,2.222146
1996-04-18,17.750003,17.750003,17.624992,17.750003,120100,2.222146
1996-04-17,17.750003,17.750003,17.624992,17.750003,298300,2.222146
1996-04-16,17.750003,17.875012,17.624992,17.750003,261900,2.222146
1996-04-15,17.624992,17.875012,17.624992,17.875012,105900,2.237796
1996-04-12,17.499983,17.875012,17.499983,17.875012,147700,2.237796
1996-04-11,17.499983,17.624992,17.499983,17.499983,55300,2.190845
1996-04-10,17.499983,17.624992,17.499983,17.499983,268600,2.190845
1996-04-09,17.499983,17.624992,17.374972,17.624992,124800,2.206495
1996-04-08,17.374972,17.374972,17.374972,17.374972,390100,2.175195
1996-04-04,17.875012,17.875012,17.624992,17.624992,128800,2.206495
1996-04-03,17.750003,18.249975,17.750003,18.000023,436000,2.253446
1996-04-02,17.624992,17.875012,17.624992,17.875012,119400,2.237796
1996-04-01,17.499983,17.750003,17.499983,17.750003,83700,2.222146
1996-03-29,17.624992,17.750003,17.374972,17.624992,141000,2.206495
1996-03-28,17.624992,17.624992,17.374972,17.499983,230800,2.190845
1996-03-27,17.374972,17.750003,17.374972,17.624992,89700,2.206495
1996-03-26,17.499983,17.624992,17.250031,17.499983,97800,2.190845
1996-03-25,17.750003,17.750003,17.499983,17.624992,65400,2.206495
1996-03-22,17.750003,17.750003,17.750003,17.750003,43800,2.222146
1996-03-21,17.875012,17.875012,17.750003,17.750003,184900,2.222146
1996-03-20,17.875012,17.875012,17.750003,17.750003,122800,2.222146
1996-03-19,17.374972,18.000023,17.374972,18.000023,619600,2.253446
1996-03-18,17.12502,17.374972,17.12502,17.374972,227400,2.175195
1996-03-15,16.875,17.000011,16.875,17.000011,325300,2.128253
1996-03-14,16.875,17.000011,16.749989,16.875,691800,2.112603
1996-03-13,16.875,17.000011,16.875,17.000011,143700,2.128253
1996-03-12,17.000011,17.12502,17.000011,17.046855,2830200,2.126605
1996-03-11,16.749989,17.000011,16.749989,16.875,136300,2.105166
1996-03-08,17.000011,17.000011,16.749989,16.749989,348300,2.089571
1996-03-07,17.374972,17.499983,17.250031,17.250031,290800,2.151951
1996-03-06,17.624992,17.750003,17.374972,17.374972,146400,2.167538
1996-03-05,17.624992,17.750003,17.499983,17.624992,125500,2.198728
1996-03-04,17.12502,17.499983,17.12502,17.499983,211200,2.183133
1996-03-01,16.749989,17.12502,16.749989,17.000011,1074600,2.120761
1996-02-29,17.000011,17.000011,16.62498,16.62498,203800,2.073976
1996-02-28,17.250031,17.250031,16.875,16.875,431200,2.105166
1996-02-27,17.12502,17.250031,17.000011,17.250031,742500,2.151951
1996-02-26,17.374972,17.374972,17.12502,17.250031,187600,2.151951
1996-02-23,17.374972,17.499983,17.000011,17.374972,352900,2.167538
1996-02-22,16.749989,17.374972,16.749989,17.374972,426600,2.167538
1996-02-21,16.749989,16.749989,16.62498,16.62498,149800,2.073976
1996-02-20,17.000011,17.000011,16.749989,16.875,290800,2.105166
1996-02-16,16.499969,17.000011,16.499969,17.000011,349600,2.120761
1996-02-15,16.875,17.000011,16.749989,16.749989,207900,2.089571
1996-02-14,17.000011,17.000011,16.875,16.875,336700,2.105166
1996-02-13,17.000011,17.12502,16.875,17.000011,265900,2.120761
1996-02-12,17.000011,17.12502,16.875,17.000011,375300,2.120761
1996-02-09,17.12502,17.12502,16.875,17.12502,307800,2.136356
1996-02-08,17.12502,17.12502,17.000011,17.12502,583800,2.136356
1996-02-07,17.12502,17.374972,17.000011,17.12502,306400,2.136356
1996-02-06,17.000011,17.374972,16.875,17.000011,508900,2.120761
1996-02-05,16.749989,16.875,16.62498,16.875,317800,2.105166
1996-02-02,16.375028,16.749989,15.999997,16.62498,1563300,2.073976
1996-02-01,16.875,16.875,16.499969,16.749989,270000,2.089571
1996-01-31,16.875,17.000011,16.62498,16.875,676900,2.105166
1996-01-30,17.12502,17.250031,16.875,16.875,436600,2.105166
1996-01-29,17.374972,17.374972,17.000011,17.12502,551400,2.136356
1996-01-26,17.499983,17.499983,17.000011,17.000011,677700,2.120761
1996-01-25,17.499983,17.624992,17.499983,17.499983,199000,2.183133
1996-01-24,17.750003,17.750003,17.624992,17.624992,278700,2.198728
1996-01-23,17.750003,17.750003,17.624992,17.624992,91800,2.198728
1996-01-22,17.499983,17.750003,17.499983,17.750003,294300,2.214323
1996-01-19,17.624992,17.624992,17.499983,17.624992,184900,2.198728
1996-01-18,17.499983,17.624992,17.374972,17.624992,449500,2.198728
1996-01-17,17.499983,17.624992,16.875,17.624992,588600,2.198728
1996-01-16,17.750003,17.750003,17.374972,17.499983,922000,2.183133
1996-01-15,17.624992,17.750003,17.499983,17.624992,143100,2.198728
1996-01-12,17.875012,17.875012,17.374972,17.499983,459000,2.183133
1996-01-11,17.875012,18.000023,17.750003,18.000023,186300,2.245513
1996-01-10,18.125032,18.125032,17.875012,18.000023,414400,2.245513
1996-01-09,18.499995,18.499995,18.249975,18.249975,31000,2.276695
1996-01-08,18.125032,18.499995,18.125032,18.499995,25600,2.307885
1996-01-05,18.125032,18.249975,18.000023,18.125032,623700,2.261108
1996-01-04,18.625005,18.625005,18.000023,18.125032,320500,2.261108
1996-01-03,18.750015,18.875025,18.499995,18.499995,360400,2.307885
1996-01-02,18.625005,18.625005,18.499995,18.625005,276000,2.32348
1995-12-29,19.249988,19.249988,18.249975,18.750015,606700,2.339075
1995-12-28,18.750015,19.124977,18.750015,19.124977,379300,2.385852
1995-12-27,18.499995,18.750015,18.374985,18.750015,491400,2.339075
1995-12-26,18.125032,18.499995,18.125032,18.499995,321900,2.307885
1995-12-22,18.125032,18.125032,18.000023,18.125032,87700,2.261108
1995-12-21,17.875012,18.125032,17.875012,18.000023,250300,2.245513
1995-12-20,17.875012,17.875012,17.750003,17.750003,130900,2.214323
1995-12-19,17.750003,17.875012,17.750003,17.875012,174100,2.229918
1995-12-18,17.750003,17.875012,17.750003,17.875012,84300,2.229918
1995-12-15,17.750003,18.000023,17.750003,17.875012,421200,2.229918
1995-12-14,17.750003,17.750003,17.624992,17.750003,78300,2.214323
1995-12-13,17.499983,17.750003,17.499983,17.750003,136300,2.214323
1995-12-12,17.499983,17.624992,17.499983,17.499983,110700,2.183133
1995-12-11,17.750003,17.875012,17.624992,17.624992,147100,2.198728
1995-12-08,17.875012,17.875012,17.750003,17.875012,108600,2.229918
1995-12-07,17.875012,17.875012,17.750003,17.750003,2136300,2.214323
1995-12-06,17.750003,17.750003,17.750003,17.750003,284800,2.214323
1995-12-05,17.750003,17.875012,17.624992,17.750003,776200,2.206837
1995-12-04,18.000023,18.000023,17.624992,17.875012,753300,2.22238
1995-12-01,17.750003,18.000023,17.624992,18.000023,502800,2.237922
1995-11-30,18.000023,18.000023,17.374972,17.624992,367800,2.191295
1995-11-29,18.000023,18.000023,17.875012,18.000023,46500,2.237922
1995-11-28,18.000023,18.000023,17.875012,17.875012,78900,2.22238
1995-11-27,18.000023,18.000023,17.875012,18.000023,124800,2.237922
1995-11-24,18.000023,18.125032,18.000023,18.000023,26200,2.237922
1995-11-22,17.875012,18.000023,17.750003,17.750003,279400,2.206837
1995-11-21,17.875012,17.875012,17.750003,17.875012,118000,2.22238
1995-11-20,17.750003,18.000023,17.750003,17.875012,119400,2.22238
1995-11-17,17.750003,17.875012,17.750003,17.875012,87700,2.22238
1995-11-16,17.750003,18.000023,17.624992,17.750003,253800,2.206837
1995-11-15,17.624992,17.750003,17.624992,17.750003,172000,2.206837
1995-11-14,17.624992,17.750003,17.624992,17.750003,127500,2.206837
1995-11-13,17.875012,18.000023,17.750003,17.750003,192300,2.206837
1995-11-10,17.750003,18.125032,17.750003,17.875012,193000,2.22238
1995-11-09,17.750003,17.750003,17.624992,17.750003,201700,2.206837
1995-11-08,18.000023,18.000023,17.750003,17.750003,28300,2.206837
1995-11-07,18.000023,18.000023,17.875012,18.000023,49200,2.237922
1995-11-06,18.249975,18.249975,18.000023,18.000023,353700,2.237922
1995-11-03,18.000023,18.374985,17.875012,18.249975,318600,2.268998
1995-11-02,17.624992,17.875012,17.624992,17.875012,265200,2.22238
1995-11-01,17.750003,17.875012,17.624992,17.750003,685000,2.206837
1995-10-31,17.750003,17.875012,17.624992,17.624992,385300,2.191295
1995-10-30,17.750003,17.750003,17.624992,17.624992,75600,2.191295
1995-10-27,17.624992,17.750003,17.624992,17.624992,81000,2.191295
1995-10-26,17.750003,17.750003,17.624992,17.750003,67500,2.206837
1995-10-25,17.750003,17.875012,17.750003,17.750003,103900,2.206837
1995-10-24,17.750003,17.750003,17.499983,17.624992,949000,2.191295
1995-10-23,17.750003,17.875012,17.750003,17.750003,48600,2.206837
1995-10-20,17.750003,18.125032,17.750003,17.875012,406300,2.22238
1995-10-19,17.875012,17.875012,17.624992,17.624992,151800,2.191295
1995-10-18,17.750003,17.875012,17.750003,17.875012,128200,2.22238
1995-10-17,17.875012,17.875012,17.750003,17.750003,194400,2.206837
1995-10-16,17.499983,17.750003,17.499983,17.750003,416400,2.206837
1995-10-13,17.250031,17.499983,17.250031,17.499983,278100,2.175753
1995-10-12,17.250031,17.374972,17.250031,17.250031,153900,2.144676
1995-10-11,16.62498,17.12502,16.62498,17.12502,89100,2.129134
1995-10-10,16.62498,16.875,16.62498,16.749989,405000,2.082507
1995-10-09,16.875,16.875,16.749989,16.749989,120100,2.082507
1995-10-06,16.749989,17.000011,16.749989,17.000011,350200,2.113592
1995-10-05,16.62498,16.875,16.62498,16.749989,369100,2.082507
1995-10-04,16.875,17.000011,16.749989,16.749989,265200,2.082507
1995-10-03,17.250031,17.250031,16.749989,16.749989,256500,2.082507
1995-10-02,17.000011,17.250031,17.000011,17.12502,641800,2.129134
1995-09-29,16.499969,17.12502,16.499969,17.12502,432000,2.129134
1995-09-28,16.749989,16.749989,16.62498,16.62498,68800,2.066965
1995-09-27,16.250017,16.62498,16.125008,16.62498,301600,2.066965
1995-09-26,16.499969,16.749989,16.375028,16.375028,126900,2.035888
1995-09-25,16.749989,16.749989,16.499969,16.62498,48600,2.066965
1995-09-22,16.749989,16.749989,16.62498,16.749989,283500,2.082507
1995-09-21,17.000011,17.000011,16.62498,16.62498,325300,2.066965
1995-09-20,17.000011,17.12502,16.875,16.875,135600,2.098049
1995-09-19,17.000011,17.12502,17.000011,17.12502,262500,2.129134
1995-09-18,17.000011,17.12502,16.875,17.000011,146400,2.113592
1995-09-15,17.250031,17.250031,16.749989,17.12502,347500,2.129134
1995-09-14,17.499983,17.499983,17.12502,17.12502,147700,2.129134
1995-09-13,17.499983,17.624992,17.499983,17.499983,124800,2.175753
1995-09-12,17.250031,17.374972,17.12502,17.374972,146400,2.15275
1995-09-11,17.374972,17.499983,17.250031,17.374972,45900,2.15275
1995-09-08,17.12502,17.374972,17.12502,17.374972,369900,2.15275
1995-09-07,17.624992,17.624992,16.499969,17.12502,474400,2.121781
1995-09-06,17.750003,17.750003,17.499983,17.624992,256500,2.183727
1995-09-05,17.374972,17.875012,17.250031,17.499983,537900,2.168238
1995-09-01,17.499983,17.624992,17.374972,17.499983,250300,2.168238
1995-08-31,17.624992,17.624992,17.374972,17.499983,203100,2.168238
1995-08-30,17.499983,17.750003,17.499983,17.624992,324600,2.183727
1995-08-29,17.624992,17.624992,17.374972,17.624992,110700,2.183727
1995-08-28,18.000023,18.000023,17.624992,17.750003,139000,2.199216
1995-08-25,18.125032,18.125032,17.875012,18.000023,102600,2.230193
1995-08-24,18.125032,18.249975,18.000023,18.125032,123400,2.245682
1995-08-23,17.499983,18.249975,17.499983,18.249975,464400,2.261162
1995-08-22,18.000023,18.125032,17.374972,17.624992,267900,2.183727
1995-08-21,18.000023,18.249975,18.000023,18.125032,348300,2.245682
1995-08-18,18.374985,18.374985,18.000023,18.125032,271300,2.245682
1995-08-17,17.875012,18.249975,17.750003,18.249975,330700,2.261162
1995-08-16,17.750003,17.875012,17.374972,17.750003,423100,2.199216
1995-08-15,18.000023,18.000023,17.750003,18.000023,139000,2.230193
1995-08-14,17.875012,17.875012,17.499983,17.875012,152500,2.214704
1995-08-11,17.750003,18.000023,17.750003,17.750003,112000,2.199216
1995-08-10,18.000023,18.125032,17.750003,17.750003,242200,2.199216
1995-08-09,17.374972,18.125032,17.374972,17.875012,344200,2.214704
1995-08-08,17.624992,17.750003,17.374972,17.499983,724200,2.168238
1995-08-07,17.875012,18.000023,17.750003,17.750003,263800,2.199216
1995-08-04,17.875012,18.249975,17.750003,18.000023,500100,2.230193
1995-08-03,17.374972,18.000023,17.374972,18.000023,626400,2.230193
1995-08-02,17.750003,17.875012,17.499983,17.499983,500800,2.168238
1995-08-01,18.125032,18.125032,17.750003,17.750003,163300,2.199216
1995-07-31,18.249975,18.249975,18.000023,18.125032,5032000,2.245682
1995-07-28,18.374985,18.499995,18.000023,18.374985,345600,2.276651
1995-07-27,18.374985,18.374985,18.249975,18.249975,253000,2.261162
1995-07-26,18.625005,18.625005,18.249975,18.249975,259200,2.261162
1995-07-25,18.499995,18.625005,18.499995,18.625005,312400,2.307628
1995-07-24,18.750015,18.750015,18.499995,18.499995,206500,2.292139
1995-07-21,18.875025,18.875025,18.750015,18.750015,172800,2.323117
1995-07-20,18.875025,18.875025,18.750015,18.875025,928800,2.338605
1995-07-19,18.999968,18.999968,18.499995,18.750015,273300,2.323117
1995-07-18,18.999968,19.124977,18.875025,18.999968,450100,2.354086
1995-07-17,18.374985,19.500008,18.374985,18.999968,2452900,2.354086
1995-07-14,18.625005,18.625005,18.249975,18.499995,102600,2.292139
1995-07-13,18.625005,18.625005,18.499995,18.499995,636400,2.292139
1995-07-12,18.374985,18.625005,18.374985,18.625005,375900,2.307628
1995-07-11,18.499995,18.875025,18.374985,18.374985,341500,2.276651
1995-07-10,18.374985,18.875025,18.000023,18.625005,549400,2.307628
1995-07-07,18.000023,18.875025,17.875012,18.499995,541300,2.292139
1995-07-06,17.624992,18.000023,17.624992,18.000023,62100,2.230193
1995-07-05,17.750003,18.000023,17.750003,17.750003,173400,2.199216
1995-07-03,18.000023,18.000023,17.624992,17.750003,134200,2.199216
1995-06-30,17.687497,18.000023,17.687497,18.000023,87700,2.230193
1995-06-29,17.624992,17.875012,17.624992,17.624992,104500,2.183727
1995-06-28,17.875012,17.875012,17.624992,17.750003,233500,2.199216
1995-06-27,17.875012,17.875012,17.750003,17.875012,99100,2.214704
1995-06-26,17.750003,18.000023,17.624992,17.875012,246300,2.214704
1995-06-23,17.499983,17.624992,17.374972,17.624992,227400,2.183727
1995-06-22,17.499983,17.499983,17.374972,17.374972,351000,2.15275
1995-06-21,17.624992,17.875012,17.374972,17.499983,235500,2.168238
1995-06-20,17.499983,17.750003,17.499983,17.750003,180900,2.199216
1995-06-19,17.499983,17.624992,17.499983,17.624992,91800,2.183727
1995-06-16,17.374972,17.624992,17.374972,17.499983,172800,2.168238
1995-06-15,17.000011,17.374972,17.000011,17.374972,256500,2.15275
1995-06-14,17.374972,17.374972,17.000011,17.000011,82300,2.106292
1995-06-13,17.12502,17.374972,17.12502,17.374972,193000,2.145315
1995-06-12,17.12502,17.250031,17.12502,17.12502,166000,2.114453
1995-06-09,17.374972,17.499983,17.000011,17.000011,275400,2.099018
1995-06-08,17.374972,17.499983,17.374972,17.499983,91800,2.16075
1995-06-07,17.624992,17.750003,17.499983,17.499983,37000,2.16075
1995-06-06,17.750003,17.750003,17.499983,17.624992,100500,2.176185
1995-06-05,17.250031,17.499983,17.12502,17.374972,303000,2.145315
1995-06-02,17.875012,17.875012,17.250031,17.250031,72900,2.129888
1995-06-01,17.624992,17.875012,17.624992,17.875012,322600,2.207055
1995-05-31,17.374972,17.374972,17.12502,17.250031,178200,2.129888
1995-05-30,17.12502,17.250031,17.000011,17.250031,202500,2.129888
1995-05-26,17.374972,17.374972,17.12502,17.12502,31600,2.114453
1995-05-25,17.499983,17.499983,17.250031,17.499983,255700,2.16075
1995-05-24,17.250031,17.250031,17.12502,17.12502,101800,2.114453
1995-05-23,17.250031,17.250031,17.12502,17.250031,135000,2.129888
1995-05-22,17.000011,17.374972,17.000011,17.250031,82900,2.129888
1995-05-19,17.12502,17.374972,17.000011,17.12502,180900,2.114453
1995-05-18,17.374972,17.374972,17.12502,17.12502,323200,2.114453
1995-05-17,17.374972,17.499983,17.250031,17.250031,66100,2.129888
1995-05-16,17.12502,17.624992,17.12502,17.374972,406300,2.145315
1995-05-15,17.250031,17.250031,17.12502,17.12502,147100,2.114453
1995-05-12,16.875,17.250031,16.875,17.12502,198400,2.114453
1995-05-11,16.62498,16.875,16.62498,16.875,120100,2.083582
1995-05-10,16.250017,16.62498,16.250017,16.499969,385300,2.037277
1995-05-09,16.62498,16.62498,16.499969,16.499969,193600,2.037277
1995-05-08,16.562475,16.749989,16.499969,16.749989,202500,2.068147
1995-05-05,16.499969,16.62498,16.499969,16.499969,182200,2.037277
1995-05-04,16.250017,16.749989,16.250017,16.62498,151800,2.052712
1995-05-03,16.687485,16.687485,16.250017,16.250017,258400,2.006415
1995-05-02,16.875,17.250031,16.749989,16.749989,166600,2.068147
1995-05-01,16.250017,16.875,16.250017,16.875,240300,2.083582
1995-04-28,16.375028,16.375028,16.125008,16.125008,1599000,1.99098
1995-04-27,16.499969,16.749989,16.375028,16.499969,483300,2.037277
1995-04-26,16.749989,16.875,16.499969,16.499969,131500,2.037277
1995-04-25,16.749989,17.000011,16.499969,16.749989,341500,2.068147
1995-04-24,16.749989,16.875,16.62498,16.749989,3588300,2.068147
1995-04-21,17.12502,17.12502,16.749989,16.749989,170100,2.068147
1995-04-20,17.374972,17.374972,17.000011,17.000011,180900,2.099018
1995-04-19,17.499983,17.499983,17.250031,17.250031,207100,2.129888
1995-04-18,17.624992,17.624992,17.250031,17.374972,112000,2.145315
1995-04-17,17.624992,17.624992,17.374972,17.499983,133600,2.16075
1995-04-13,17.499983,17.750003,17.499983,17.624992,354300,2.176185
1995-04-12,17.624992,17.624992,17.499983,17.624992,214600,2.176185
1995-04-11,17.499983,17.624992,17.374972,17.624992,276000,2.176185
1995-04-10,17.624992,17.624992,17.499983,17.624992,275400,2.176185
1995-04-07,17.624992,17.750003,17.624992,17.624992,156600,2.176185
1995-04-06,17.875012,18.000023,17.624992,17.624992,433300,2.176185
1995-04-05,17.875012,18.125032,17.875012,18.000023,822100,2.222491
1995-04-04,18.000023,18.125032,18.000023,18.000023,147100,2.222491
1995-04-03,18.000023,18.125032,18.000023,18.000023,95100,2.222491
1995-03-31,18.125032,18.249975,18.000023,18.125032,330700,2.237926
1995-03-30,17.624992,18.125032,17.624992,18.000023,481900,2.222491
1995-03-29,17.750003,17.875012,17.624992,17.624992,356400,2.176185
1995-03-28,17.250031,17.624992,17.250031,17.624992,202500,2.176185
1995-03-27,17.250031,17.499983,17.250031,17.250031,645900,2.129888
1995-03-24,17.250031,17.374972,17.250031,17.250031,196300,2.129888
1995-03-23,17.624992,17.624992,17.250031,17.250031,188200,2.129888
1995-03-22,17.750003,17.750003,17.499983,17.499983,290800,2.16075
1995-03-21,17.750003,17.875012,17.750003,17.750003,92400,2.19162
1995-03-20,18.000023,18.000023,17.750003,17.750003,202500,2.19162
1995-03-17,17.624992,17.875012,17.624992,17.875012,309100,2.207055
1995-03-16,17.499983,17.750003,17.499983,17.624992,134200,2.176185
1995-03-15,17.624992,17.750003,17.499983,17.624992,240300,2.176185
1995-03-14,17.750003,17.750003,17.624992,17.624992,256500,2.176185
1995-03-13,17.624992,17.875012,17.624992,17.624992,190300,2.176185
1995-03-10,17.499983,17.750003,17.499983,17.750003,350200,2.184211
1995-03-09,17.750003,17.750003,17.499983,17.499983,74800,2.153445
1995-03-08,17.750003,17.750003,17.624992,17.624992,97200,2.168828
1995-03-07,17.499983,17.875012,17.499983,17.624992,159900,2.168828
1995-03-06,17.875012,17.875012,17.499983,17.499983,243000,2.153445
1995-03-03,17.499983,17.750003,17.499983,17.624992,66100,2.168828
1995-03-02,17.499983,17.624992,17.499983,17.624992,50500,2.168828
1995-03-01,17.875012,17.875012,17.499983,17.499983,131500,2.153445
1995-02-28,17.374972,17.875012,17.374972,17.875012,273300,2.199594
1995-02-27,17.12502,17.750003,17.12502,17.374972,115300,2.138062
1995-02-24,18.000023,18.000023,17.250031,17.250031,423900,2.122687
1995-02-23,18.000023,18.000023,17.875012,17.875012,4085700,2.199594
1995-02-22,17.624992,17.875012,17.499983,17.875012,477900,2.199594
1995-02-21,17.875012,17.875012,17.499983,17.499983,475200,2.153445
1995-02-17,18.125032,18.125032,18.000023,18.000023,888900,2.214977
1995-02-16,18.499995,18.625005,18.249975,18.374985,460300,2.261118
1995-02-15,18.249975,18.499995,18.249975,18.499995,538600,2.276501
1995-02-14,18.374985,18.499995,18.249975,18.249975,514900,2.245735
1995-02-13,18.000023,18.374985,18.000023,18.249975,476500,2.245735
1995-02-10,17.875012,18.125032,17.875012,18.125032,625000,2.23036
1995-02-09,17.624992,18.000023,17.499983,18.000023,288100,2.214977
1995-02-08,17.624992,17.624992,17.499983,17.499983,102600,2.153445
1995-02-07,17.12502,17.750003,17.12502,17.624992,352900,2.168828
1995-02-06,16.749989,17.12502,16.749989,17.12502,492000,2.107304
1995-02-03,16.375028,16.62498,16.375028,16.62498,270600,2.045772
1995-02-02,16.375028,16.499969,16.250017,16.250017,533200,1.999632
1995-02-01,16.250017,16.375028,15.999997,16.375028,511600,2.015015
1995-01-31,15.874988,16.125008,15.749977,16.125008,412300,1.984249
1995-01-30,15.999997,16.125008,15.749977,15.874988,351600,1.953483
1995-01-27,16.250017,16.375028,15.999997,16.125008,151800,1.984249
1995-01-26,16.125008,16.125008,15.874988,16.125008,237600,1.984249
1995-01-25,15.999997,16.250017,15.999997,15.999997,482500,1.968866
1995-01-24,16.125008,16.125008,15.874988,15.999997,303000,1.968866
1995-01-23,16.125008,16.125008,15.874988,15.999997,95100,1.968866
1995-01-20,15.999997,16.250017,15.999997,16.250017,101800,1.999632
1995-01-19,15.874988,16.250017,15.874988,16.125008,390100,1.984249
1995-01-18,15.999997,15.999997,15.874988,15.999997,152500,1.968866
1995-01-17,16.250017,16.250017,15.874988,15.999997,354300,1.968866
1995-01-16,16.62498,16.749989,16.375028,16.375028,194400,2.015015
1995-01-13,16.250017,16.62498,16.125008,16.62498,270000,2.045772
1995-01-12,16.250017,16.250017,16.125008,16.250017,216000,1.999632
1995-01-11,16.499969,16.499969,16.125008,16.125008,164700,1.984249
1995-01-10,15.999997,16.499969,15.999997,16.375028,151800,2.015015
1995-01-09,15.874988,15.999997,15.874988,15.874988,190300,1.953483
1995-01-06,15.874988,16.250017,15.874988,15.999997,335400,1.968866
1995-01-05,16.250017,16.250017,15.874988,15.874988,235500,1.953483
1995-01-04,16.499969,16.62498,16.250017,16.250017,174700,1.999632
1995-01-03,16.875,16.875,16.499969,16.62498,116100,2.045772
1994-12-30,16.875,16.875,16.62498,16.875,93100,2.076538
1994-12-29,16.749989,16.875,16.749989,16.875,58000,2.076538
1994-12-28,16.62498,16.749989,16.62498,16.749989,76900,2.061155
1994-12-27,16.749989,16.749989,16.749989,16.749989,49900,2.061155
1994-12-23,16.62498,16.875,16.62498,16.62498,71500,2.045772
1994-12-22,16.62498,16.749989,16.499969,16.499969,116700,2.030389
1994-12-21,16.749989,16.875,16.62498,16.749989,300300,2.061155
1994-12-20,16.250017,16.749989,16.125008,16.62498,178800,2.045772
1994-12-19,16.875,16.875,16.125008,16.125008,545400,1.984249
1994-12-16,17.374972,17.374972,16.749989,16.875,385300,2.076538
1994-12-15,17.499983,17.499983,17.12502,17.374972,143100,2.138062
1994-12-14,17.250031,17.750003,17.250031,17.374972,252400,2.138062
1994-12-13,17.250031,17.250031,17.12502,17.12502,42400,2.107304
1994-12-12,17.12502,17.374972,17.12502,17.250031,213300,2.122687
1994-12-09,17.12502,17.12502,16.749989,16.749989,159300,2.061155
1994-12-08,17.624992,17.875012,17.250031,17.374972,136300,2.138062
1994-12-07,17.875012,17.875012,17.750003,17.750003,82300,2.184211
1994-12-06,17.750003,18.000023,17.750003,18.000023,219300,2.214977
1994-12-05,17.750003,17.875012,17.750003,17.875012,470400,2.199594
1994-12-02,17.374972,17.875012,17.374972,17.875012,155800,2.19221
1994-12-01,17.750003,17.875012,17.624992,17.624992,104500,2.161547
1994-11-30,18.000023,18.125032,17.624992,17.624992,190900,2.161547
1994-11-29,18.000023,18.249975,17.875012,18.125032,254400,2.222873
1994-11-28,17.875012,18.125032,17.875012,18.125032,1539000,2.222873
1994-11-25,17.624992,17.875012,17.624992,17.875012,69400,2.19221
1994-11-23,17.750003,17.875012,16.875,17.624992,476500,2.161547
1994-11-22,17.875012,18.000023,17.750003,17.750003,585900,2.176879
1994-11-21,18.000023,18.000023,17.875012,18.000023,888900,2.207541
1994-11-18,17.875012,18.000023,17.875012,17.875012,603400,2.19221
1994-11-17,17.875012,17.875012,17.750003,17.875012,111300,2.19221
1994-11-16,17.750003,17.875012,17.750003,17.875012,72100,2.19221
1994-11-15,17.875012,18.000023,17.750003,17.875012,409600,2.19221
1994-11-14,17.000011,18.000023,17.000011,18.000023,857200,2.207541
1994-11-11,17.374972,17.374972,16.875,17.000011,293500,2.084899
1994-11-10,17.875012,18.000023,17.250031,17.374972,319900,2.130884
1994-11-09,18.249975,18.374985,17.750003,17.750003,353700,2.176879
1994-11-08,18.125032,18.374985,18.125032,18.249975,197700,2.238196
1994-11-07,18.000023,18.249975,18.000023,18.125032,364500,2.222873
1994-11-04,17.750003,18.000023,17.750003,17.875012,189600,2.19221
1994-11-03,18.000023,18.000023,17.374972,17.750003,186300,2.176879
1994-11-02,18.249975,18.249975,17.750003,17.875012,270600,2.19221
1994-11-01,18.125032,18.249975,18.000023,18.249975,274000,2.238196
1994-10-31,18.499995,18.499995,18.125032,18.125032,196300,2.222873
1994-10-28,18.249975,18.625005,18.249975,18.625005,899700,2.28419
1994-10-27,18.125032,18.374985,18.125032,18.374985,350200,2.253527
1994-10-26,18.000023,18.249975,17.875012,18.125032,169300,2.222873
1994-10-25,18.125032,18.125032,17.875012,17.875012,362400,2.19221
1994-10-24,18.499995,18.750015,18.374985,18.374985,610800,2.253527
1994-10-21,18.249975,18.499995,18.249975,18.499995,346200,2.268858
1994-10-20,18.249975,18.625005,18.249975,18.249975,344800,2.238196
1994-10-19,18.000023,18.125032,17.875012,18.125032,396900,2.222873
1994-10-18,18.000023,18.125032,18.000023,18.000023,625000,2.207541
1994-10-17,17.875012,18.125032,17.875012,18.125032,793800,2.222873
1994-10-14,18.000023,18.125032,17.875012,17.875012,378600,2.19221
1994-10-13,18.000023,18.125032,18.000023,18.000023,1434300,2.207541
1994-10-12,17.875012,18.125032,17.875012,17.875012,1140700,2.19221
1994-10-11,17.750003,17.875012,17.750003,17.875012,534600,2.19221
1994-10-10,17.374972,17.624992,17.250031,17.624992,111300,2.161547
1994-10-07,17.374972,17.499983,17.12502,17.374972,511600,2.130884
1994-10-06,17.000011,17.499983,17.000011,17.374972,374500,2.130884
1994-10-05,17.374972,17.374972,16.875,17.12502,301000,2.10023
1994-10-04,17.499983,17.624992,17.250031,17.499983,486600,2.146216
1994-10-03,17.624992,17.624992,17.499983,17.624992,218700,2.161547
1994-09-30,17.499983,17.750003,17.374972,17.750003,351000,2.176879
1994-09-29,17.624992,17.624992,17.374972,17.374972,261900,2.130884
1994-09-28,16.875,17.624992,16.875,17.624992,1161000,2.161547
1994-09-27,16.875,17.000011,16.749989,17.000011,1172400,2.084899
1994-09-26,16.875,16.875,16.749989,16.875,170700,2.069567
1994-09-23,17.750003,17.750003,16.749989,16.749989,1044900,2.054236
1994-09-22,15.500025,17.875012,15.500025,17.750003,2575800,2.176879
1994-09-21,15.624968,15.749977,15.624968,15.624968,122800,1.916262
1994-09-20,15.999997,15.999997,15.624968,15.874988,140400,1.946925
1994-09-19,15.999997,16.125008,15.999997,15.999997,263800,1.962256
1994-09-16,16.375028,16.375028,15.999997,15.999997,263200,1.962256
1994-09-15,15.874988,16.375028,15.874988,16.375028,191700,2.00825
1994-09-14,15.999997,15.999997,15.874988,15.999997,183600,1.962256
1994-09-13,15.749977,16.125008,15.749977,15.999997,324600,1.962256
1994-09-12,15.500025,15.749977,15.500025,15.749977,212500,1.931593
1994-09-09,15.624968,15.624968,15.500025,15.624968,39100,1.908903
1994-09-08,15.624968,15.999997,15.624968,15.624968,199000,1.908903
1994-09-07,15.624968,15.749977,15.375015,15.624968,206500,1.908903
1994-09-06,15.624968,15.624968,15.375015,15.500025,166000,1.893638
1994-09-02,15.874988,15.874988,15.375015,15.500025,267300,1.893638
1994-09-01,15.999997,15.999997,15.500025,15.624968,192300,1.908903
1994-08-31,16.125008,16.125008,15.874988,16.125008,133600,1.969993
1994-08-30,16.250017,16.250017,15.749977,15.999997,178800,1.95472
1994-08-29,16.125008,16.375028,16.125008,16.250017,170100,1.985265
1994-08-26,15.874988,16.125008,15.874988,16.125008,213300,1.969993
1994-08-25,16.125008,16.250017,15.874988,15.999997,152500,1.95472
1994-08-24,16.125008,16.250017,16.125008,16.125008,163900,1.969993
1994-08-23,16.125008,16.125008,15.999997,16.125008,235500,1.969993
1994-08-22,15.999997,16.125008,15.874988,16.125008,129600,1.969993
1994-08-19,15.749977,15.999997,15.749977,15.999997,109300,1.95472
1994-08-18,15.375015,15.999997,15.375015,15.874988,396900,1.939448
1994-08-17,15.999997,16.125008,15.124995,15.375015,453600,1.878366
1994-08-16,15.124995,15.999997,15.124995,15.999997,295600,1.95472
1994-08-15,14.874975,15.375015,14.874975,15.250005,523800,1.863093
1994-08-12,15.250005,15.250005,14.750032,14.750032,1317600,1.802012
1994-08-11,15.500025,15.500025,15.124995,15.250005,63400,1.863093
1994-08-10,15.624968,15.624968,15.500025,15.500025,70200,1.893638
1994-08-09,15.624968,15.749977,15.500025,15.624968,28900,1.908903
1994-08-08,15.624968,15.749977,15.500025,15.624968,51900,1.908903
1994-08-05,15.749977,15.874988,15.500025,15.500025,216600,1.893638
1994-08-04,15.874988,15.999997,15.874988,15.874988,346900,1.939448
1994-08-03,15.999997,15.999997,15.624968,15.874988,1254100,1.939448
1994-08-02,15.999997,16.125008,15.999997,15.999997,271900,1.95472
1994-08-01,16.125008,16.125008,15.999997,15.999997,974700,1.95472
1994-07-29,15.874988,16.250017,15.874988,16.125008,367200,1.969993
1994-07-28,15.749977,15.874988,15.500025,15.874988,213300,1.939448
1994-07-27,15.999997,15.999997,15.624968,15.624968,309700,1.908903
1994-07-26,16.125008,16.125008,15.874988,15.999997,285400,1.95472
1994-07-25,16.375028,16.375028,15.999997,16.125008,446100,1.969993
1994-07-22,16.375028,16.375028,16.250017,16.375028,124200,2.000538
1994-07-21,16.499969,16.499969,16.499969,16.499969,203800,2.015802
1994-07-20,15.874988,16.499969,15.874988,16.499969,519000,2.015802
1994-07-19,16.125008,16.125008,15.624968,15.749977,187600,1.924175
1994-07-18,16.62498,16.62498,15.999997,15.999997,184200,1.95472
1994-07-15,16.62498,16.749989,16.499969,16.749989,624300,2.046347
1994-07-14,16.125008,16.875,16.125008,16.749989,683100,2.046347
1994-07-13,15.375015,16.125008,15.375015,15.999997,1902100,1.95472
1994-07-12,15.124995,15.250005,15.124995,15.250005,558900,1.863093
1994-07-11,15.500025,15.500025,15.124995,15.124995,150400,1.847821
1994-07-08,15.375015,15.500025,15.375015,15.375015,141000,1.878366
1994-07-07,15.375015,15.500025,15.250005,15.375015,160600,1.878366
1994-07-06,15.375015,15.500025,15.250005,15.375015,400200,1.878366
1994-07-05,15.124995,15.500025,15.124995,15.375015,168700,1.878366
1994-07-01,14.874975,15.375015,14.874975,15.124995,280000,1.847821
1994-06-30,14.874975,15.124995,14.750032,14.750032,1728000,1.802012
1994-06-29,14.874975,15.124995,14.874975,15.124995,409000,1.847821
1994-06-28,14.999985,14.999985,14.750032,14.999985,74200,1.832548
1994-06-27,14.750032,14.999985,14.750032,14.874975,86400,1.817276
1994-06-24,15.250005,15.250005,14.625023,14.874975,450100,1.817276
1994-06-23,15.500025,15.500025,15.250005,15.250005,507600,1.863093
1994-06-22,14.874975,15.624968,14.874975,15.624968,411000,1.908903
1994-06-21,14.750032,14.874975,14.750032,14.874975,324000,1.817276
1994-06-20,14.874975,14.874975,14.500012,14.874975,189000,1.817276
1994-06-17,15.375015,15.375015,14.750032,14.750032,289500,1.802012
1994-06-16,14.500012,15.375015,14.500012,15.375015,689800,1.878366
1994-06-15,14.375003,14.625023,14.249992,14.500012,396100,1.771467
1994-06-14,14.124983,14.375003,14.124983,14.375003,315100,1.756194
1994-06-13,13.75002,14.124983,13.75002,14.124983,359100,1.72565
1994-06-10,14.249992,14.249992,13.625011,13.625011,1517400,1.664568
1994-06-09,14.249992,14.375003,14.124983,14.375003,170100,1.748863
1994-06-08,14.375003,14.500012,14.249992,14.249992,316500,1.733654
1994-06-07,14.249992,14.500012,14.249992,14.375003,228100,1.748863
1994-06-06,14.249992,14.375003,14.124983,14.375003,450100,1.748863
1994-06-03,13.999972,14.249992,13.999972,14.124983,379300,1.718446
1994-06-02,13.875031,14.124983,13.875031,14.124983,1770400,1.718446
1994-06-01,13.75002,13.999972,13.75002,13.875031,3960900,1.688037
1994-05-31,13.875031,13.875031,13.625011,13.75002,707400,1.672828
1994-05-27,14.124983,14.124983,13.75002,13.875031,433900,1.688037
1994-05-26,14.124983,14.124983,13.875031,13.999972,258400,1.703237
1994-05-25,14.124983,14.124983,13.875031,13.999972,334800,1.703237
1994-05-24,14.249992,14.500012,13.999972,13.999972,632400,1.703237
1994-05-23,14.249992,14.375003,14.249992,14.375003,156600,1.748863
1994-05-20,14.375003,14.500012,14.249992,14.249992,395500,1.733654
1994-05-19,14.124983,14.375003,14.124983,14.375003,246300,1.748863
1994-05-18,13.875031,14.249992,13.875031,14.249992,1008400,1.733654
1994-05-17,13.999972,13.999972,13.75002,13.75002,159300,1.672828
1994-05-16,13.999972,13.999972,13.875031,13.875031,211200,1.688037
1994-05-13,14.124983,14.124983,13.75002,13.999972,681000,1.703237
1994-05-12,14.124983,14.249992,14.124983,14.124983,305100,1.718446
1994-05-11,14.124983,14.249992,13.999972,14.124983,207900,1.718446
1994-05-10,13.999972,14.124983,13.999972,14.124983,1163700,1.718446
1994-05-09,13.875031,14.124983,13.875031,13.999972,234900,1.703237
1994-05-06,13.875031,13.875031,13.625011,13.75002,132900,1.672828
1994-05-05,14.124983,14.124983,13.875031,13.999972,1892700,1.703237
1994-05-04,14.249992,14.249992,13.875031,13.999972,811300,1.703237
1994-05-03,13.875031,14.249992,13.875031,14.249992,399600,1.733654
1994-05-02,13.875031,13.937468,13.875031,13.875031,274000,1.688037
1994-04-29,13.75002,13.999972,13.75002,13.999972,764100,1.703237
1994-04-28,13.50,13.75002,13.37499,13.75002,585100,1.672828
1994-04-26,13.37499,13.625011,13.37499,13.50,498100,1.64241
1994-04-25,13.37499,13.50,13.24998,13.37499,718200,1.627202
1994-04-22,12.499988,13.24998,12.499988,13.12497,1563300,1.596784
1994-04-21,12.249968,12.374978,12.249968,12.374978,55300,1.50554
1994-04-20,12.249968,12.374978,12.249968,12.249968,471700,1.490331
1994-04-19,12.374978,12.624998,12.374978,12.374978,654700,1.50554
1994-04-18,12.374978,12.374978,12.249968,12.249968,923400,1.490331
1994-04-15,12.374978,12.624998,12.249968,12.249968,484600,1.490331
1994-04-14,12.000015,12.374978,12.000015,12.374978,1520100,1.50554
1994-04-13,12.000015,12.125025,12.000015,12.000015,120700,1.459922
1994-04-12,12.125025,12.125025,12.000015,12.125025,201700,1.475131
1994-04-11,12.249968,12.249968,12.125025,12.125025,775500,1.475131
1994-04-08,12.249968,12.374978,12.125025,12.125025,604000,1.475131
1994-04-07,12.374978,12.374978,12.125025,12.374978,172000,1.50554
1994-04-06,12.249968,12.374978,12.249968,12.374978,1132600,1.50554
1994-04-05,12.125025,12.374978,12.125025,12.249968,2026900,1.490331
1994-04-04,12.125025,12.249968,12.000015,12.125025,202500,1.475131
1994-03-31,12.000015,12.374978,12.000015,12.374978,294300,1.50554
1994-03-30,12.624998,12.624998,12.125025,12.125025,234900,1.475131
1994-03-29,12.750008,13.000028,12.624998,12.624998,464400,1.535958
1994-03-28,12.624998,12.750008,12.499988,12.624998,481200,1.535958
1994-03-25,12.499988,12.875018,12.499988,12.624998,1250700,1.535958
1994-03-24,12.499988,12.750008,12.499988,12.624998,1223100,1.535958
1994-03-23,12.624998,12.624998,12.499988,12.624998,1742800,1.535958
1994-03-22,12.624998,12.624998,12.249968,12.624998,392100,1.535958
1994-03-21,12.499988,12.750008,12.499988,12.624998,1376200,1.535958
1994-03-18,12.750008,12.750008,12.499988,12.499988,712000,1.520749
1994-03-17,12.624998,12.750008,12.624998,12.624998,315900,1.535958
1994-03-16,12.750008,12.875018,12.624998,12.750008,238200,1.551166
1994-03-15,12.499988,12.875018,12.499988,12.875018,444700,1.566375
1994-03-14,12.499988,12.875018,12.499988,12.624998,641800,1.535958
1994-03-11,12.750008,12.750008,12.499988,12.624998,88300,1.535958
1994-03-10,12.875018,12.875018,12.750008,12.750008,421800,1.543866
1994-03-09,13.000028,13.24998,12.875018,12.875018,1988500,1.559003
1994-03-08,12.499988,12.875018,12.499988,12.750008,1933200,1.543866
1994-03-07,12.125025,12.624998,12.000015,12.624998,744400,1.528729
1994-03-04,12.125025,12.374978,12.125025,12.125025,558900,1.468188
1994-03-03,12.125025,12.249968,12.125025,12.249968,1207500,1.483317
1994-03-02,12.000015,12.125025,12.000015,12.125025,972600,1.468188
1994-03-01,11.875005,12.000015,11.875005,12.000015,5925700,1.453051
1994-02-28,11.749995,12.125025,11.749995,11.875005,1021200,1.437914
1994-02-25,11.624985,11.749995,11.624985,11.749995,362400,1.422777
1994-02-24,11.875005,11.875005,11.624985,11.624985,243600,1.40764
1994-02-23,12.000015,12.000015,11.749995,11.749995,485200,1.422777
1994-02-22,12.000015,12.000015,11.875005,12.000015,314500,1.453051
1994-02-18,11.875005,12.125025,11.875005,12.125025,795700,1.468188
1994-02-17,12.000015,12.125025,11.875005,12.000015,1185300,1.453051
1994-02-16,12.249968,12.249968,11.875005,12.000015,1074600,1.453051
1994-02-15,12.125025,12.249968,12.000015,12.249968,538600,1.483317
1994-02-14,12.000015,12.125025,12.000015,12.125025,319200,1.468188
1994-02-11,12.125025,12.125025,11.875005,11.875005,89700,1.437914
1994-02-10,12.000015,12.374978,12.000015,12.249968,531100,1.483317
1994-02-09,11.749995,11.875005,11.749995,11.875005,421200,1.437914
1994-02-08,11.875005,12.125025,11.624985,11.749995,1235200,1.422777
1994-02-07,12.000015,12.000015,11.749995,11.875005,365100,1.437914
1994-02-04,11.749995,12.125025,11.749995,12.125025,884800,1.468188
1994-02-03,12.000015,12.125025,11.749995,11.875005,614800,1.437914
1994-02-02,12.249968,12.374978,11.875005,12.000015,685000,1.453051
1994-02-01,12.249968,12.374978,12.249968,12.249968,1968300,1.483317
1994-01-31,12.374978,12.499988,12.249968,12.249968,294300,1.483317
1994-01-28,12.374978,12.499988,12.249968,12.499988,298300,1.513592
1994-01-27,12.249968,12.374978,12.249968,12.374978,435300,1.498454
1994-01-26,12.249968,12.374978,12.249968,12.374978,357000,1.498454
1994-01-25,12.374978,12.499988,12.249968,12.374978,1152100,1.498454
1994-01-24,12.249968,12.499988,12.249968,12.374978,1460700,1.498454
1994-01-21,12.624998,12.624998,12.249968,12.249968,334800,1.483317
1994-01-20,12.499988,12.624998,12.499988,12.499988,211900,1.513592
1994-01-19,12.499988,12.624998,12.499988,12.624998,162000,1.528729
1994-01-18,12.624998,12.750008,12.499988,12.499988,892900,1.513592
1994-01-17,12.624998,12.624998,12.499988,12.624998,261100,1.528729
1994-01-14,12.374978,12.750008,12.249968,12.624998,1237900,1.528729
1994-01-13,12.750008,12.875018,12.499988,12.499988,1628100,1.513592
1994-01-12,12.750008,12.875018,12.750008,12.750008,1934500,1.543866
1994-01-11,12.750008,12.875018,12.750008,12.750008,1439100,1.543866
1994-01-10,12.750008,12.875018,12.750008,12.875018,1019800,1.559003
1994-01-07,12.875018,12.875018,12.750008,12.750008,73500,1.543866
1994-01-06,12.875018,12.875018,12.750008,12.750008,949600,1.543866
1994-01-05,12.750008,12.875018,12.750008,12.875018,1485000,1.559003
1994-01-04,12.750008,12.875018,12.750008,12.875018,293500,1.559003
1994-01-03,12.624998,13.000028,12.624998,12.750008,1483600,1.543866
1993-12-31,12.750008,13.000028,12.750008,12.750008,6363100,1.543866
1993-12-30,12.499988,12.750008,12.499988,12.750008,394200,1.543866
1993-12-29,12.499988,12.750008,12.499988,12.624998,558100,1.528729
1993-12-28,12.499988,12.624998,12.499988,12.499988,314500,1.513592
1993-12-27,12.875018,12.875018,12.624998,12.624998,420400,1.528729
1993-12-23,12.750008,12.875018,12.750008,12.750008,468400,1.543866
1993-12-22,12.750008,12.875018,12.750008,12.750008,1374900,1.543866
1993-12-21,12.499988,12.750008,12.499988,12.750008,692500,1.543866
1993-12-20,12.624998,12.750008,12.624998,12.624998,6124200,1.528729
1993-12-17,12.499988,13.000028,12.499988,12.750008,2284800,1.543866
1993-12-16,12.249968,12.499988,12.249968,12.499988,3235200,1.513592
1993-12-15,12.249968,12.249968,12.125025,12.249968,597300,1.483317
1993-12-14,12.125025,12.249968,12.125025,12.125025,641800,1.468188
1993-12-13,12.000015,12.249968,12.000015,12.249968,739000,1.483317
1993-12-10,12.000015,12.000015,12.000015,12.000015,618900,1.453051
1993-12-09,12.000015,12.125025,12.000015,12.125025,2397600,1.468188
1993-12-08,11.749995,12.000015,11.749995,12.000015,1404000,1.453051
1993-12-07,11.624985,11.749995,11.499975,11.624985,380700,1.40764
1993-12-06,11.624985,11.624985,11.624985,11.624985,642600,1.40764
1993-12-03,11.749995,11.749995,11.624985,11.749995,1678000,1.415511
1993-12-02,11.875005,11.875005,11.624985,11.749995,408300,1.415511
1993-12-01,12.374978,12.374978,11.875005,11.875005,287500,1.430571
1993-11-30,11.749995,12.499988,11.624985,12.499988,3541000,1.505862
1993-11-29,11.375032,11.749995,11.375032,11.749995,1120500,1.415511
1993-11-26,11.250022,11.250022,11.250022,11.250022,306400,1.355279
1993-11-24,11.125012,11.375032,11.125012,11.250022,3209500,1.355279
1993-11-23,10.874992,11.375032,10.874992,11.000002,1131900,1.32516
1993-11-22,11.000002,11.000002,10.624972,10.874992,3100900,1.3101
1993-11-19,11.499975,11.499975,11.000002,11.125012,4878100,1.34022
1993-11-18,12.875018,12.875018,11.499975,11.499975,6517800,1.385391
1993-11-17,13.000028,13.24998,13.000028,13.24998,305100,1.596212
1993-11-16,13.12497,13.12497,13.000028,13.000028,386700,1.566101
1993-11-15,13.37499,13.37499,13.000028,13.000028,139600,1.566101
1993-11-12,13.24998,13.37499,13.12497,13.24998,421200,1.596212
1993-11-11,13.37499,13.37499,13.24998,13.24998,606700,1.596212
1993-11-10,13.12497,13.37499,13.12497,13.37499,571600,1.611272
1993-11-09,13.37499,13.37499,13.12497,13.24998,282100,1.596212
1993-11-08,13.37499,13.37499,13.24998,13.37499,169300,1.611272
1993-11-05,13.24998,13.37499,13.12497,13.24998,294900,1.596212
1993-11-04,13.50,13.625011,13.37499,13.37499,523800,1.611272
1993-11-03,13.625011,13.625011,13.50,13.50,171400,1.626332
1993-11-02,13.75002,13.75002,13.50,13.625011,81000,1.641392
1993-11-01,13.75002,13.75002,13.37499,13.75002,832200,1.656452
1993-10-29,13.37499,13.75002,13.37499,13.75002,492000,1.656452
1993-10-28,13.50,13.50,13.37499,13.37499,209200,1.611272
1993-10-27,13.37499,13.50,13.37499,13.50,105900,1.626332
1993-10-26,13.50,13.50,13.37499,13.50,436600,1.626332
1993-10-25,13.37499,13.50,13.37499,13.50,640500,1.626332
1993-10-22,13.24998,13.24998,13.000028,13.24998,445500,1.596212
1993-10-21,13.875031,13.875031,13.000028,13.24998,2920600,1.596212
1993-10-20,13.999972,13.999972,13.875031,13.999972,81600,1.686563
1993-10-19,13.875031,13.999972,13.875031,13.999972,72900,1.686563
1993-10-18,13.75002,13.999972,13.625011,13.999972,235500,1.686563
1993-10-15,13.75002,13.875031,13.625011,13.625011,255100,1.641392
1993-10-14,13.75002,13.75002,13.625011,13.625011,267900,1.641392
1993-10-13,13.625011,13.75002,13.625011,13.625011,157200,1.641392
1993-10-12,13.875031,13.999972,13.625011,13.625011,702600,1.641392
1993-10-11,13.875031,13.999972,13.75002,13.999972,122800,1.686563
1993-10-08,13.999972,13.999972,13.75002,13.875031,91000,1.671512
1993-10-07,13.999972,13.999972,13.875031,13.875031,48600,1.671512
1993-10-06,13.999972,14.124983,13.999972,14.124983,681000,1.701623
1993-10-05,13.875031,14.124983,13.875031,14.124983,243600,1.701623
1993-10-04,13.75002,13.875031,13.75002,13.875031,203100,1.671512
1993-10-01,13.75002,13.75002,13.50,13.75002,269200,1.656452
1993-09-30,13.625011,13.75002,13.625011,13.625011,417100,1.641392
1993-09-29,13.50,13.625011,13.50,13.625011,224100,1.641392
1993-09-28,13.50,13.625011,13.50,13.50,115300,1.626332
1993-09-27,13.625011,13.625011,13.50,13.50,726900,1.626332
1993-09-24,13.50,13.625011,13.50,13.50,105900,1.626332
1993-09-23,13.37499,13.625011,13.37499,13.50,199000,1.626332
1993-09-22,13.37499,13.625011,13.37499,13.37499,232200,1.611272
1993-09-21,13.37499,13.50,13.24998,13.50,595300,1.626332
1993-09-20,13.50,13.625011,13.37499,13.37499,821400,1.611272
1993-09-17,13.50,13.625011,13.50,13.50,190300,1.626332
1993-09-16,13.75002,13.875031,13.625011,13.75002,12960600,1.656452
1993-09-15,13.625011,13.875031,13.50,13.875031,217900,1.671512
1993-09-14,13.875031,13.875031,13.625011,13.75002,68800,1.656452
1993-09-13,13.625011,14.124983,13.625011,13.875031,498100,1.671512
1993-09-10,13.50,13.50,13.50,13.50,260500,1.626332
1993-09-09,13.50,13.625011,13.50,13.625011,510300,1.620908
1993-09-08,13.625011,13.625011,13.50,13.625011,305100,1.620908
1993-09-07,13.50,13.625011,13.50,13.625011,317800,1.620908
1993-09-03,13.37499,13.625011,13.37499,13.50,128800,1.606036
1993-09-02,13.625011,13.625011,13.50,13.50,157200,1.606036
1993-09-01,13.75002,13.875031,13.625011,13.625011,557500,1.620908
1993-08-31,13.875031,13.875031,13.75002,13.875031,168000,1.650652
1993-08-30,13.50,13.875031,13.50,13.75002,272700,1.63578
1993-08-27,13.50,13.625011,13.37499,13.50,124800,1.606036
1993-08-26,13.625011,13.625011,13.625011,13.625011,220600,1.620908
1993-08-25,13.50,13.75002,13.50,13.75002,957700,1.63578
1993-08-24,13.37499,13.625011,13.37499,13.50,252400,1.606036
1993-08-23,13.37499,13.50,13.24998,13.50,287500,1.606036
1993-08-20,13.50,13.625011,13.37499,13.50,522400,1.606036
1993-08-19,13.50,13.625011,13.50,13.625011,265200,1.620908
1993-08-18,13.50,13.625011,13.37499,13.50,1329000,1.606036
1993-08-17,13.37499,13.625011,13.37499,13.50,1175100,1.606036
1993-08-16,13.50,13.50,13.37499,13.37499,167400,1.591165
1993-08-13,13.625011,13.625011,13.50,13.625011,182800,1.620908
1993-08-12,13.625011,13.75002,13.50,13.75002,679000,1.63578
1993-08-11,13.50,13.625011,13.37499,13.625011,1382400,1.620908
1993-08-10,13.625011,13.625011,13.37499,13.50,284100,1.606036
1993-08-09,13.625011,13.75002,13.50,13.625011,1665900,1.620908
1993-08-06,13.625011,13.75002,13.625011,13.625011,751900,1.620908
1993-08-05,13.625011,13.625011,13.50,13.625011,469000,1.620908
1993-08-04,13.625011,13.75002,13.50,13.75002,413100,1.63578
1993-08-03,13.75002,13.75002,13.50,13.625011,282100,1.620908
1993-08-02,13.625011,13.625011,13.24998,13.625011,391500,1.620908
1993-07-30,13.75002,13.875031,13.625011,13.625011,454200,1.620908
1993-07-29,13.625011,13.875031,13.50,13.875031,478500,1.650652
1993-07-28,13.50,13.625011,13.50,13.50,371800,1.606036
1993-07-27,13.50,13.625011,13.37499,13.50,1659100,1.606036
1993-07-26,13.24998,13.625011,13.12497,13.625011,723600,1.620908
1993-07-23,13.24998,13.50,13.12497,13.12497,215200,1.561421
1993-07-22,13.12497,13.37499,13.12497,13.12497,895600,1.561421
1993-07-21,13.24998,13.24998,13.000028,13.12497,573000,1.561421
1993-07-20,13.37499,13.37499,13.24998,13.24998,157200,1.576293
1993-07-19,13.625011,13.625011,13.24998,13.37499,207100,1.591165
1993-07-16,13.50,13.625011,13.37499,13.625011,483900,1.620908
1993-07-15,13.625011,13.625011,13.37499,13.37499,286800,1.591165
1993-07-14,13.50,13.625011,13.50,13.625011,715500,1.620908
1993-07-13,13.37499,13.625011,13.24998,13.50,712000,1.606036
1993-07-12,13.50,13.50,13.37499,13.50,97200,1.606036
1993-07-09,13.50,13.50,12.624998,13.50,2257800,1.606036
1993-07-08,13.625011,13.625011,13.37499,13.50,122100,1.606036
1993-07-07,13.37499,13.625011,13.37499,13.625011,153900,1.620908
1993-07-06,13.75002,13.75002,13.24998,13.37499,251100,1.591165
1993-07-02,13.50,13.75002,13.37499,13.75002,199800,1.63578
1993-07-01,13.625011,13.75002,13.37499,13.50,264600,1.606036
1993-06-30,13.37499,13.625011,13.37499,13.50,292200,1.606036
1993-06-29,13.37499,13.625011,13.24998,13.37499,576400,1.591165
1993-06-28,13.12497,13.37499,13.12497,13.37499,174100,1.591165
1993-06-25,13.12497,13.12497,13.000028,13.12497,361800,1.561421
1993-06-24,13.12497,13.24998,13.000028,13.000028,496800,1.546557
1993-06-23,13.12497,13.37499,13.000028,13.12497,209800,1.561421
1993-06-22,13.12497,13.24998,13.000028,13.000028,522400,1.546557
1993-06-21,13.12497,13.24998,13.12497,13.12497,544600,1.561421
1993-06-18,13.000028,13.24998,13.000028,13.000028,1056300,1.546557
1993-06-17,13.12497,13.12497,12.875018,13.000028,10153900,1.546557
1993-06-16,13.12497,13.24998,13.000028,13.12497,2254500,1.561421
1993-06-15,13.75002,13.75002,13.12497,13.12497,1753600,1.561421
1993-06-14,14.874975,14.874975,14.625023,14.750032,152500,1.754747
1993-06-11,14.750032,14.874975,14.625023,14.750032,217900,1.754747
1993-06-10,14.625023,14.750032,14.500012,14.750032,159900,1.754747
1993-06-09,14.750032,14.874975,14.750032,14.750032,140400,1.734519
1993-06-08,14.750032,14.750032,14.625023,14.625023,240300,1.719819
1993-06-07,14.874975,14.874975,14.750032,14.874975,211200,1.749212
1993-06-04,14.750032,14.750032,14.625023,14.750032,479200,1.734519
1993-06-03,14.750032,14.999985,14.625023,14.874975,626400,1.749212
1993-06-02,14.999985,14.999985,14.750032,14.750032,295600,1.734519
1993-06-01,15.375015,15.375015,14.999985,14.999985,298300,1.763912
1993-05-28,15.124995,15.250005,15.124995,15.250005,209800,1.793313
1993-05-27,15.124995,15.250005,14.999985,15.124995,179500,1.778613
1993-05-26,15.250005,15.250005,15.124995,15.250005,148500,1.793313
1993-05-25,15.124995,15.250005,15.124995,15.250005,113400,1.793313
1993-05-24,14.999985,15.375015,14.999985,15.250005,243600,1.793313
1993-05-21,15.250005,15.250005,14.999985,15.124995,187600,1.778613
1993-05-20,15.250005,15.375015,15.124995,15.124995,255100,1.778613
1993-05-19,15.375015,15.375015,15.250005,15.250005,254400,1.793313
1993-05-18,15.250005,15.375015,15.250005,15.375015,79600,1.808014
1993-05-17,15.375015,15.375015,15.250005,15.250005,157900,1.793313
1993-05-14,15.624968,15.624968,15.375015,15.375015,172000,1.808014
1993-05-13,15.500025,15.749977,15.375015,15.749977,242200,1.852107
1993-05-12,15.375015,15.500025,15.375015,15.500025,250300,1.822714
1993-05-11,15.250005,15.500025,15.250005,15.375015,376600,1.808014
1993-05-10,15.124995,15.500025,14.999985,15.375015,338800,1.808014
1993-05-07,14.999985,15.124995,14.874975,15.124995,174700,1.778613
1993-05-06,14.874975,14.999985,14.874975,14.874975,65400,1.749212
1993-05-05,14.874975,14.999985,14.874975,14.999985,101800,1.763912
1993-05-04,14.750032,15.124995,14.750032,14.999985,460900,1.763912
1993-05-03,15.124995,15.250005,14.750032,14.750032,290800,1.734519
1993-04-30,14.999985,15.250005,14.874975,15.250005,621000,1.793313
1993-04-29,15.124995,15.124995,14.750032,14.874975,210600,1.749212
1993-04-28,15.375015,15.375015,15.124995,15.124995,1113700,1.778613
1993-04-27,15.250005,15.500025,15.124995,15.375015,1434300,1.808014
1993-04-26,15.999997,15.999997,15.375015,15.375015,195700,1.808014
1993-04-23,15.999997,16.125008,15.874988,15.999997,174700,1.881508
1993-04-22,15.999997,16.125008,15.874988,16.125008,116100,1.896208
1993-04-21,15.874988,16.125008,15.749977,16.125008,482500,1.896208
1993-04-20,16.125008,16.125008,15.874988,15.874988,701200,1.866808
1993-04-19,15.500025,16.125008,15.500025,15.999997,569700,1.881508
1993-04-16,15.500025,15.749977,15.375015,15.749977,701200,1.852107
1993-04-15,15.624968,15.624968,15.500025,15.624968,251100,1.837407
1993-04-14,15.874988,15.999997,15.749977,15.749977,620200,1.852107
1993-04-13,15.999997,15.999997,15.749977,15.749977,884200,1.852107
1993-04-12,15.250005,16.125008,15.124995,16.125008,1168300,1.896208
1993-04-08,16.250017,16.250017,15.250005,15.250005,1132600,1.793313
1993-04-07,16.62498,16.749989,16.250017,16.250017,1500400,1.910909
1993-04-06,16.62498,16.62498,16.499969,16.62498,47200,1.955002
1993-04-05,16.499969,16.749989,16.375028,16.62498,236800,1.955002
1993-04-02,17.000011,17.000011,16.499969,16.499969,390700,1.940302
1993-04-01,17.499983,17.499983,17.12502,17.250031,2795100,2.028505
1993-03-31,17.374972,17.499983,17.250031,17.499983,353700,2.057898
1993-03-30,17.374972,17.499983,17.374972,17.499983,578400,2.057898
1993-03-29,16.875,17.374972,16.875,17.374972,881500,2.043197
1993-03-26,17.12502,17.12502,16.875,16.875,858600,1.984403
1993-03-25,17.000011,17.12502,17.000011,17.12502,1429600,2.013804
1993-03-24,16.499969,17.12502,16.499969,17.000011,966600,1.999104
1993-03-23,16.125008,16.499969,16.125008,16.499969,822700,1.940302
1993-03-22,15.749977,15.999997,15.500025,15.999997,636400,1.881508
1993-03-19,16.125008,16.125008,15.749977,15.874988,396100,1.866808
1993-03-18,15.624968,16.125008,15.624968,16.125008,747100,1.896208
1993-03-17,15.375015,15.500025,15.250005,15.500025,371800,1.822714
1993-03-16,15.250005,15.500025,15.250005,15.375015,1085400,1.808014
1993-03-15,14.999985,15.250005,14.999985,15.124995,2282100,1.778613
1993-03-12,15.124995,15.124995,14.750032,14.874975,612900,1.749212
1993-03-11,15.375015,15.375015,14.874975,15.124995,470400,1.778613
1993-03-10,14.625023,15.500025,14.625023,15.500025,378000,1.802719
1993-03-09,14.500012,14.750032,14.375003,14.500012,476500,1.686414
1993-03-08,14.500012,14.625023,14.375003,14.375003,1424200,1.671874
1993-03-05,14.625023,14.874975,14.500012,14.500012,255700,1.686414
1993-03-04,14.625023,14.625023,14.500012,14.500012,1109700,1.686414
1993-03-03,14.625023,14.750032,14.500012,14.500012,715500,1.686414
1993-03-02,14.750032,14.750032,14.249992,14.249992,761400,1.657335
1993-03-01,14.874975,14.999985,14.500012,14.750032,582400,1.715492
1993-02-26,14.999985,15.124995,14.750032,14.874975,331300,1.730023
1993-02-25,15.124995,15.124995,14.625023,14.874975,797100,1.730023
1993-02-24,15.749977,15.749977,15.124995,15.250005,817300,1.773641
1993-02-23,16.375028,16.499969,16.250017,16.499969,262500,1.919017
1993-02-22,15.999997,16.375028,15.999997,16.375028,315900,1.904486
1993-02-19,15.749977,15.999997,15.624968,15.999997,475200,1.860868
1993-02-18,15.999997,16.125008,15.624968,15.624968,1016500,1.817251
1993-02-17,15.874988,15.999997,15.749977,15.874988,162600,1.846329
1993-02-16,15.999997,15.999997,15.874988,15.874988,425200,1.846329
1993-02-12,16.250017,16.250017,15.999997,15.999997,280800,1.860868
1993-02-11,16.375028,16.62498,16.250017,16.499969,490000,1.919017
1993-02-10,16.375028,16.62498,16.250017,16.375028,152500,1.904486
1993-02-09,15.874988,16.499969,15.874988,16.375028,351000,1.904486
1993-02-08,15.999997,16.125008,15.749977,15.999997,511600,1.860868
1993-02-05,16.375028,16.375028,15.999997,16.125008,569700,1.875407
1993-02-04,16.375028,16.875,16.250017,16.250017,2450800,1.889947
1993-02-03,16.375028,16.499969,16.250017,16.250017,471700,1.889947
1993-02-02,16.375028,16.375028,16.250017,16.250017,214600,1.889947
1993-02-01,16.375028,16.375028,16.250017,16.250017,270600,1.889947
1993-01-29,15.999997,16.375028,15.874988,16.250017,253800,1.889947
1993-01-28,16.375028,16.375028,15.999997,16.125008,350200,1.875407
1993-01-27,16.499969,16.62498,16.250017,16.250017,144400,1.889947
1993-01-26,16.875,16.875,16.62498,16.62498,296200,1.933556
1993-01-25,16.875,16.875,16.749989,16.875,136900,1.962635
1993-01-22,16.749989,16.875,16.749989,16.875,83700,1.962635
1993-01-21,17.000011,17.000011,16.749989,16.875,240900,1.962635
1993-01-20,17.000011,17.000011,16.875,16.875,93100,1.962635
1993-01-19,17.000011,17.12502,17.000011,17.12502,106600,1.991713
1993-01-18,17.000011,17.12502,17.000011,17.000011,240900,1.977174
1993-01-15,16.875,17.000011,16.875,17.000011,686400,1.977174
1993-01-14,16.875,16.875,16.499969,16.875,999000,1.962635
1993-01-13,16.749989,17.12502,16.62498,16.749989,438000,1.948095
1993-01-12,16.62498,16.875,16.499969,16.875,3688200,1.962635
1993-01-11,16.375028,16.499969,16.250017,16.499969,413700,1.919017
1993-01-08,16.499969,16.499969,16.250017,16.375028,388000,1.904486
1993-01-07,16.499969,16.875,16.375028,16.62498,309700,1.933556
1993-01-06,16.250017,16.62498,16.125008,16.499969,696600,1.919017
1993-01-05,16.125008,16.375028,15.999997,16.250017,526500,1.889947
1993-01-04,16.125008,16.375028,16.125008,16.250017,263800,1.889947
1992-12-31,16.125008,16.250017,15.999997,16.250017,117400,1.889947
1992-12-30,16.125008,16.250017,16.125008,16.125008,98500,1.875407
1992-12-29,16.250017,16.250017,15.999997,15.999997,341500,1.860868
1992-12-28,16.250017,16.250017,16.125008,16.250017,92400,1.889947
1992-12-24,16.375028,16.375028,16.250017,16.375028,43800,1.904486
1992-12-23,16.250017,16.375028,16.125008,16.375028,456900,1.904486
1992-12-22,16.125008,16.250017,15.999997,16.250017,207100,1.889947
1992-12-21,16.125008,16.250017,15.999997,16.250017,384700,1.889947
1992-12-18,16.125008,16.125008,15.999997,16.125008,274600,1.875407
1992-12-17,15.874988,15.999997,15.749977,15.999997,160600,1.860868
1992-12-16,15.999997,15.999997,15.500025,15.624968,319900,1.817251
1992-12-15,16.125008,16.125008,15.874988,15.999997,192300,1.860868
1992-12-14,16.375028,16.375028,16.125008,16.125008,203100,1.875407
1992-12-11,16.250017,16.250017,16.125008,16.250017,245700,1.889947
1992-12-10,16.250017,16.250017,16.125008,16.125008,301000,1.875407
1992-12-09,16.125008,16.250017,15.999997,15.999997,562900,1.860868
1992-12-08,16.125008,16.125008,15.999997,16.125008,332700,1.875407
1992-12-07,15.999997,16.125008,15.874988,16.125008,244900,1.875407
1992-12-04,16.125008,16.125008,15.874988,15.999997,392800,1.860868
1992-12-03,15.999997,15.999997,15.874988,15.999997,110700,1.860868
1992-12-02,16.250017,16.250017,15.999997,16.250017,240900,1.870171
1992-12-01,16.125008,16.250017,15.999997,16.125008,334000,1.855784
1992-11-30,15.999997,16.250017,15.999997,16.125008,467700,1.855784
1992-11-27,15.624968,15.999997,15.624968,15.999997,151800,1.841397
1992-11-25,15.500025,15.749977,15.375015,15.749977,197100,1.812623
1992-11-24,15.250005,15.624968,15.250005,15.624968,272700,1.798236
1992-11-23,15.624968,15.624968,15.250005,15.250005,205800,1.755082
1992-11-20,15.624968,15.624968,15.500025,15.624968,228100,1.798236
1992-11-19,15.749977,15.749977,15.500025,15.624968,278100,1.798236
1992-11-18,15.624968,15.749977,15.624968,15.749977,475200,1.812623
1992-11-17,15.999997,15.999997,15.375015,15.624968,600000,1.798236
1992-11-16,15.999997,15.999997,15.874988,15.999997,977400,1.841397
1992-11-13,15.999997,16.125008,15.874988,16.125008,258400,1.855784
1992-11-12,15.375015,15.999997,15.375015,15.999997,368500,1.841397
1992-11-11,15.124995,15.500025,15.124995,15.500025,394800,1.783856
1992-11-10,15.500025,15.500025,15.124995,15.250005,399600,1.755082
1992-11-09,15.375015,15.375015,15.250005,15.375015,182200,1.76947
1992-11-06,15.250005,15.375015,15.124995,15.375015,172000,1.76947
1992-11-05,14.874975,15.250005,14.874975,15.250005,174700,1.755082
1992-11-04,14.874975,14.999985,14.750032,14.999985,145000,1.726308
1992-11-03,14.999985,14.999985,14.750032,14.874975,213300,1.711921
1992-11-02,14.750032,15.124995,14.750032,15.124995,253000,1.740695
1992-10-30,14.500012,14.999985,14.500012,14.999985,405600,1.726308
1992-10-29,14.999985,15.124995,14.500012,14.625023,277300,1.683155
1992-10-28,14.874975,15.124995,14.874975,15.124995,126100,1.740695
1992-10-27,14.874975,14.999985,14.874975,14.874975,139000,1.711921
1992-10-26,14.625023,15.124995,14.625023,14.999985,240900,1.726308
1992-10-23,14.500012,14.625023,14.375003,14.500012,436000,1.668768
1992-10-22,14.500012,14.625023,14.249992,14.500012,463600,1.668768
1992-10-21,14.625023,14.874975,14.500012,14.500012,338100,1.668768
1992-10-20,14.750032,14.750032,14.500012,14.750032,195700,1.697542
1992-10-19,14.625023,14.625023,14.500012,14.625023,319200,1.683155
1992-10-16,14.750032,14.874975,14.625023,14.750032,101800,1.697542
1992-10-15,14.625023,14.750032,14.625023,14.750032,84300,1.697542
1992-10-14,14.750032,14.874975,14.625023,14.750032,108600,1.697542
1992-10-13,14.375003,14.874975,14.375003,14.750032,279400,1.697542
1992-10-12,14.500012,14.500012,14.375003,14.500012,59400,1.668768
1992-10-09,14.375003,14.500012,14.249992,14.500012,700600,1.668768
1992-10-08,14.249992,14.500012,14.249992,14.375003,213900,1.654381
1992-10-07,13.999972,14.375003,13.999972,14.375003,87000,1.654381
1992-10-06,13.999972,14.124983,13.875031,13.999972,731700,1.611219
1992-10-05,14.124983,14.249992,13.999972,13.999972,423900,1.611219
1992-10-02,14.750032,14.750032,14.249992,14.249992,279400,1.639994
1992-10-01,15.124995,15.124995,14.750032,14.750032,103900,1.697542
1992-09-30,14.874975,15.124995,14.750032,14.999985,340800,1.726308
1992-09-29,14.625023,14.874975,14.625023,14.750032,364500,1.697542
1992-09-28,14.625023,14.625023,14.625023,14.625023,389400,1.683155
1992-09-25,14.750032,14.750032,14.625023,14.625023,378000,1.683155
1992-09-24,14.874975,14.874975,14.750032,14.750032,56700,1.697542
1992-09-23,14.874975,14.874975,14.750032,14.874975,363100,1.711921
1992-09-22,14.625023,14.874975,14.625023,14.750032,1233900,1.697542
1992-09-21,14.625023,14.750032,14.625023,14.625023,280800,1.683155
1992-09-18,14.625023,14.874975,14.625023,14.750032,352300,1.697542
1992-09-17,14.999985,14.999985,14.874975,14.874975,1000300,1.711921
1992-09-16,14.999985,15.124995,14.999985,14.999985,111300,1.726308
1992-09-15,15.124995,15.250005,14.999985,14.999985,474400,1.726308
1992-09-14,15.124995,15.250005,14.999985,15.250005,270000,1.755082
1992-09-11,15.250005,15.250005,14.874975,15.124995,334800,1.740695
1992-09-10,14.999985,15.124995,14.999985,15.124995,386100,1.740695
1992-09-09,15.124995,15.250005,15.124995,15.124995,203800,1.721127
1992-09-08,15.500025,15.500025,14.999985,15.124995,162600,1.721127
1992-09-04,15.624968,15.624968,15.500025,15.500025,201100,1.763803
1992-09-03,15.500025,15.624968,15.375015,15.624968,199000,1.77802
1992-09-02,15.500025,15.500025,15.375015,15.500025,234900,1.763803
1992-09-01,15.500025,15.500025,15.375015,15.500025,91000,1.763803
1992-08-31,15.500025,15.500025,15.375015,15.500025,342900,1.763803
1992-08-28,15.500025,15.500025,15.375015,15.500025,59400,1.763803
1992-08-27,15.500025,15.624968,15.500025,15.500025,882100,1.763803
1992-08-26,15.250005,15.375015,15.250005,15.375015,534600,1.749577
1992-08-25,15.124995,15.250005,15.124995,15.250005,218700,1.735352
1992-08-24,14.999985,15.250005,14.999985,15.250005,521700,1.735352
1992-08-21,15.124995,15.375015,15.124995,15.250005,607500,1.735352
1992-08-20,15.124995,15.375015,15.124995,15.124995,529800,1.721127
1992-08-19,15.375015,15.375015,14.999985,14.999985,3015100,1.706901
1992-08-18,15.375015,15.375015,15.250005,15.375015,174700,1.749577
1992-08-17,15.250005,15.375015,15.124995,15.375015,2571700,1.749577
1992-08-14,15.250005,15.375015,15.124995,15.375015,215200,1.749577
1992-08-13,15.375015,15.500025,15.250005,15.250005,149100,1.735352
1992-08-12,15.250005,15.500025,15.250005,15.375015,926700,1.749577
1992-08-11,15.500025,15.500025,15.375015,15.375015,241600,1.749577
1992-08-10,15.500025,15.500025,15.375015,15.500025,162600,1.763803
1992-08-07,15.500025,15.624968,15.375015,15.500025,2579800,1.763803
1992-08-06,15.624968,15.624968,15.500025,15.500025,1782000,1.763803
1992-08-05,15.749977,15.749977,15.500025,15.500025,689100,1.763803
1992-08-04,15.624968,15.624968,15.500025,15.500025,508200,1.763803
1992-08-03,15.500025,15.624968,15.500025,15.624968,131500,1.77802
1992-07-31,15.624968,15.624968,15.500025,15.500025,472500,1.763803
1992-07-30,15.749977,15.749977,15.375015,15.624968,189600,1.77802
1992-07-29,15.749977,15.749977,15.624968,15.624968,199000,1.77802
1992-07-28,15.375015,15.624968,15.250005,15.624968,553500,1.77802
1992-07-27,15.375015,15.500025,15.375015,15.500025,508200,1.763803
1992-07-24,15.500025,15.749977,15.250005,15.250005,945600,1.735352
1992-07-23,15.375015,15.375015,15.250005,15.375015,271900,1.749577
1992-07-22,14.874975,15.250005,14.874975,15.250005,716100,1.735352
1992-07-21,15.124995,15.250005,14.999985,15.124995,182800,1.721127
1992-07-20,14.874975,14.999985,14.874975,14.999985,403600,1.706901
1992-07-17,15.500025,15.500025,14.999985,15.124995,1324300,1.721127
1992-07-16,15.874988,15.874988,15.250005,15.500025,1582200,1.763803
1992-07-15,15.874988,15.874988,15.624968,15.874988,308400,1.806471
1992-07-14,15.749977,15.874988,15.749977,15.874988,587200,1.806471
1992-07-13,15.624968,15.874988,15.624968,15.874988,606100,1.806471
1992-07-10,15.749977,15.749977,15.375015,15.624968,295600,1.77802
1992-07-09,15.124995,15.624968,15.124995,15.624968,600000,1.77802
1992-07-08,15.375015,15.375015,14.874975,15.124995,1111600,1.721127
1992-07-07,15.749977,15.749977,15.250005,15.375015,654700,1.749577
1992-07-06,15.749977,15.749977,15.375015,15.624968,378600,1.77802
1992-07-02,15.999997,15.999997,15.500025,15.749977,357700,1.792246
1992-07-01,15.624968,15.999997,15.375015,15.999997,424500,1.820696
1992-06-30,15.749977,15.749977,15.250005,15.624968,602100,1.77802
1992-06-29,15.749977,16.125008,15.624968,15.749977,1333800,1.792246
1992-06-26,15.500025,15.874988,15.375015,15.749977,244300,1.792246
1992-06-25,15.749977,15.874988,15.500025,15.500025,347500,1.763803
1992-06-24,16.749989,16.749989,15.749977,15.749977,614200,1.792246
1992-06-23,16.250017,17.000011,16.125008,16.749989,353700,1.906041
1992-06-22,16.62498,16.62498,15.749977,16.125008,321300,1.834922
1992-06-19,16.875,17.000011,16.62498,16.749989,195000,1.906041
1992-06-18,17.000011,17.000011,16.62498,16.875,157200,1.920266
1992-06-17,17.499983,17.499983,16.875,17.000011,891600,1.934491
1992-06-16,17.499983,17.624992,17.499983,17.624992,3202800,2.00561
1992-06-15,17.499983,17.875012,17.374972,17.499983,301000,1.991385
1992-06-12,17.499983,17.750003,17.374972,17.499983,159900,1.991385
1992-06-11,17.624992,17.750003,17.499983,17.624992,1237200,2.00561
1992-06-10,17.624992,17.875012,17.624992,17.750003,387400,2.019836
1992-06-09,17.624992,17.875012,17.624992,17.750003,366400,2.000487
1992-06-08,17.499983,17.750003,17.499983,17.624992,638500,1.986398
1992-06-05,18.000023,18.000023,17.499983,17.624992,702000,1.986398
1992-06-04,17.499983,18.000023,17.499983,18.000023,304300,2.028665
1992-06-03,17.624992,17.624992,17.499983,17.624992,425800,1.986398
1992-06-02,17.624992,17.750003,17.499983,17.750003,1178500,2.000487
1992-06-01,17.750003,17.750003,17.499983,17.624992,1327000,1.986398
1992-05-29,17.624992,17.875012,17.499983,17.750003,463000,2.000487
1992-05-28,17.875012,17.875012,17.374972,17.624992,440700,1.986398
1992-05-27,17.374972,18.000023,17.374972,17.875012,532500,2.014576
1992-05-26,17.000011,17.374972,16.875,17.374972,94500,1.95822
1992-05-22,17.12502,17.12502,16.875,17.000011,433900,1.91596
1992-05-21,17.499983,17.499983,17.12502,17.12502,803800,1.930049
1992-05-20,17.250031,17.499983,16.875,17.499983,872700,1.972309
1992-05-19,17.750003,17.750003,17.250031,17.374972,310500,1.95822
1992-05-18,18.000023,18.000023,17.750003,17.750003,1169700,2.000487
1992-05-15,17.374972,18.125032,17.250031,17.875012,1799500,2.014576
1992-05-14,17.374972,17.624992,17.250031,17.499983,957700,1.972309
1992-05-13,17.750003,17.750003,17.250031,17.374972,433900,1.95822
1992-05-12,17.875012,18.000023,17.624992,17.875012,1116400,2.014576
1992-05-11,17.750003,18.000023,17.499983,18.000023,1127800,2.028665
1992-05-08,17.875012,18.125032,17.875012,18.000023,1265500,2.028665
1992-05-07,17.624992,18.000023,17.624992,18.000023,1455300,2.028665
1992-05-06,17.250031,17.875012,17.250031,17.750003,932100,2.000487
1992-05-05,17.000011,17.499983,17.000011,17.374972,752500,1.95822
1992-05-04,17.000011,17.250031,17.000011,17.250031,186300,1.944138
1992-05-01,17.250031,17.250031,17.000011,17.000011,177400,1.91596
1992-04-30,17.000011,17.250031,16.875,17.250031,637800,1.944138
1992-04-29,16.375028,16.875,16.375028,16.875,198400,1.901871
1992-04-28,16.62498,16.749989,16.375028,16.375028,965800,1.845522
1992-04-27,16.875,16.875,16.62498,16.749989,265900,1.887782
1992-04-24,16.749989,17.12502,16.749989,16.875,774900,1.901871
1992-04-23,16.499969,16.875,16.499969,16.749989,1067100,1.887782
1992-04-22,15.624968,16.749989,15.624968,16.499969,1023300,1.859604
1992-04-21,15.874988,15.874988,15.375015,15.749977,438000,1.775077
1992-04-20,15.999997,15.999997,15.749977,15.749977,116700,1.775077
1992-04-16,15.999997,15.999997,15.874988,15.999997,292900,1.803255
1992-04-15,15.874988,16.250017,15.874988,15.999997,618300,1.803255
1992-04-14,15.999997,15.999997,15.874988,15.874988,370500,1.789166
1992-04-13,15.999997,15.999997,15.874988,15.999997,455500,1.803255
1992-04-10,15.999997,15.999997,15.874988,15.874988,532500,1.789166
1992-04-09,15.874988,15.999997,15.624968,15.874988,304300,1.789166
1992-04-08,15.124995,16.125008,15.124995,15.999997,553500,1.803255
1992-04-07,15.999997,15.999997,15.124995,15.375015,675000,1.732818
1992-04-06,16.375028,16.375028,15.874988,15.999997,1071900,1.803255
1992-04-03,16.375028,16.375028,16.250017,16.250017,380700,1.831433
1992-04-02,16.375028,16.499969,16.250017,16.250017,392100,1.831433
1992-04-01,16.62498,16.62498,16.499969,16.499969,616200,1.859604
1992-03-31,16.499969,16.749989,16.375028,16.749989,327300,1.887782
1992-03-30,16.875,16.875,16.499969,16.499969,243600,1.859604
1992-03-27,16.499969,16.749989,16.499969,16.749989,295600,1.887782
1992-03-26,16.875,16.875,16.499969,16.499969,417700,1.859604
1992-03-25,16.749989,17.000011,16.749989,16.875,566200,1.901871
1992-03-24,16.62498,16.875,16.62498,16.749989,436600,1.887782
1992-03-23,16.749989,16.749989,16.499969,16.749989,201700,1.887782
1992-03-20,16.875,16.875,16.62498,16.749989,430600,1.887782
1992-03-19,16.62498,16.875,16.62498,16.749989,317200,1.887782
1992-03-18,16.499969,16.749989,16.499969,16.749989,459000,1.887782
1992-03-17,16.499969,16.62498,16.375028,16.499969,2179500,1.859604
1992-03-16,16.499969,16.499969,16.250017,16.375028,363100,1.845522
1992-03-13,16.499969,16.749989,16.499969,16.62498,740400,1.873693
1992-03-12,16.499969,16.875,16.375028,16.499969,795100,1.859604
1992-03-11,16.375028,16.499969,16.250017,16.375028,527100,1.845522
1992-03-10,17.000011,17.000011,16.62498,16.62498,758700,1.85453
1992-03-09,16.749989,16.875,16.749989,16.749989,341500,1.868475
1992-03-06,16.875,17.12502,16.749989,16.875,944200,1.88242
1992-03-05,16.250017,16.749989,16.250017,16.62498,534600,1.85453
1992-03-04,16.875,17.000011,16.250017,16.250017,429900,1.812702
1992-03-03,17.000011,17.000011,16.62498,16.749989,765400,1.868475
1992-03-02,17.12502,17.374972,16.749989,16.749989,771400,1.868475
1992-02-28,16.375028,17.000011,16.375028,17.000011,678300,1.896365
1992-02-27,16.62498,16.749989,16.375028,16.499969,341500,1.840585
1992-02-26,16.499969,16.875,16.499969,16.749989,633700,1.868475
1992-02-25,16.749989,16.749989,16.125008,16.499969,481900,1.840585
1992-02-24,16.749989,16.749989,16.499969,16.749989,1211500,1.868475
1992-02-21,15.999997,16.375028,15.999997,16.375028,335400,1.826647
1992-02-20,15.500025,16.125008,15.500025,16.125008,1109700,1.798757
1992-02-19,15.375015,15.749977,15.375015,15.500025,1318900,1.72904
1992-02-18,15.250005,15.500025,15.250005,15.375015,474400,1.715095
1992-02-14,15.250005,15.375015,15.124995,15.250005,322600,1.70115
1992-02-13,15.874988,15.874988,15.375015,15.375015,304300,1.715095
1992-02-12,15.874988,15.874988,15.749977,15.749977,255100,1.756923
1992-02-11,15.874988,15.999997,15.500025,15.749977,562200,1.756923
1992-02-10,15.375015,15.999997,15.375015,15.749977,721500,1.756923
1992-02-07,14.874975,15.375015,14.750032,15.375015,1254100,1.715095
1992-02-06,15.250005,15.250005,14.874975,14.874975,386100,1.659315
1992-02-05,15.124995,15.375015,15.124995,15.250005,644500,1.70115
1992-02-04,14.999985,15.250005,14.874975,15.250005,430600,1.70115
1992-02-03,14.999985,15.124995,14.874975,14.874975,352300,1.659315
1992-01-31,14.874975,14.999985,14.874975,14.874975,487900,1.659315
1992-01-30,14.625023,14.999985,14.500012,14.750032,338800,1.645378
1992-01-29,14.750032,15.124995,14.625023,14.625023,658000,1.631433
1992-01-28,14.874975,14.874975,14.500012,14.625023,290800,1.631433
1992-01-27,14.750032,14.874975,14.625023,14.874975,287500,1.659315
1992-01-24,14.750032,14.750032,14.500012,14.625023,173400,1.631433
1992-01-23,14.999985,15.250005,14.750032,14.750032,228700,1.645378
1992-01-22,14.999985,15.124995,14.625023,14.999985,553500,1.67326
1992-01-21,14.625023,14.625023,14.375003,14.625023,286800,1.631433
1992-01-20,14.625023,14.750032,14.249992,14.750032,238900,1.645378
1992-01-17,14.625023,14.874975,14.500012,14.750032,578400,1.645378
1992-01-16,14.874975,14.874975,14.625023,14.874975,408300,1.659315
1992-01-15,14.375003,14.874975,14.249992,14.874975,687700,1.659315
1992-01-14,14.249992,14.500012,14.249992,14.375003,394800,1.603543
1992-01-13,13.999972,14.500012,13.875031,14.249992,437400,1.589598
1992-01-10,14.249992,14.249992,13.75002,13.999972,397500,1.561708
1992-01-09,14.375003,14.625023,14.249992,14.375003,695200,1.603543
1992-01-08,13.999972,14.249992,13.875031,14.249992,397500,1.589598
1992-01-07,13.875031,13.875031,13.625011,13.875031,497400,1.547771
1992-01-06,13.75002,13.875031,13.625011,13.875031,533800,1.547771
1992-01-03,13.50,13.875031,13.50,13.625011,266500,1.519881
1992-01-02,13.50,13.625011,13.12497,13.625011,537300,1.519881
1991-12-31,13.875031,13.875031,13.50,13.625011,2944300,1.519881
1991-12-30,13.50,13.999972,13.50,13.875031,758700,1.547771
1991-12-27,13.12497,13.37499,13.12497,13.37499,222000,1.491991
1991-12-26,13.000028,13.37499,13.000028,13.24998,222700,1.478046
1991-12-24,12.249968,13.000028,12.249968,12.875018,310500,1.436219
1991-12-23,12.000015,12.125025,11.875005,12.125025,465700,1.352556
1991-12-20,12.499988,12.499988,12.000015,12.000015,305100,1.338611
1991-12-19,11.875005,12.374978,11.875005,12.374978,270000,1.380439
1991-12-18,12.374978,12.374978,12.000015,12.000015,475800,1.338611
1991-12-17,12.125025,12.249968,12.000015,12.249968,421200,1.366494
1991-12-16,12.374978,12.374978,12.000015,12.000015,464400,1.338611
1991-12-13,12.499988,12.499988,12.374978,12.374978,932800,1.380439
1991-12-12,12.125025,12.374978,12.125025,12.374978,344200,1.380439
1991-12-11,12.125025,12.249968,12.000015,12.249968,145000,1.366494
1991-12-10,12.000015,12.249968,12.000015,12.000015,149100,1.338611
1991-12-09,12.374978,12.374978,12.125025,12.125025,131500,1.352556
1991-12-06,12.374978,12.374978,12.125025,12.249968,374500,1.366494
1991-12-05,12.374978,12.499988,12.374978,12.374978,55300,1.380439
1991-12-04,12.624998,12.624998,12.374978,12.374978,184900,1.380439
1991-12-03,12.624998,12.750008,12.374978,12.499988,132300,1.394384
1991-12-02,12.624998,12.750008,12.624998,12.750008,70800,1.403306
1991-11-29,12.499988,12.750008,12.499988,12.499988,91000,1.375788
1991-11-27,12.499988,12.750008,12.499988,12.624998,61300,1.389547
1991-11-26,12.750008,12.750008,12.499988,12.624998,105300,1.389547
1991-11-25,12.750008,12.875018,12.374978,12.875018,238900,1.417065
1991-11-22,12.624998,12.875018,12.624998,12.875018,135600,1.417065
1991-11-21,12.624998,12.875018,12.624998,12.624998,202500,1.389547
1991-11-20,12.374978,12.624998,12.249968,12.499988,174700,1.375788
1991-11-19,12.249968,12.499988,12.125025,12.499988,478500,1.375788
1991-11-18,12.750008,12.875018,12.374978,12.374978,504900,1.362029
1991-11-15,13.24998,13.37499,12.750008,12.750008,900400,1.403306
1991-11-14,13.24998,13.37499,13.24998,13.24998,438700,1.458335
1991-11-13,13.24998,13.37499,13.12497,13.24998,299700,1.458335
1991-11-12,13.37499,13.37499,13.24998,13.24998,297000,1.458335
1991-11-11,12.750008,13.37499,12.624998,13.37499,315100,1.472094
1991-11-08,12.499988,12.750008,12.499988,12.624998,229500,1.389547
1991-11-07,12.499988,12.499988,12.374978,12.499988,428500,1.375788
1991-11-06,12.750008,12.750008,12.499988,12.499988,438000,1.375788
1991-11-05,12.624998,12.750008,12.624998,12.624998,184900,1.389547
1991-11-04,12.624998,12.875018,12.624998,12.624998,91000,1.389547
1991-11-01,12.624998,12.750008,12.624998,12.750008,100500,1.403306
1991-10-31,12.499988,12.875018,12.499988,12.624998,157900,1.389547
1991-10-30,13.000028,13.000028,12.374978,12.374978,321300,1.362029
1991-10-29,12.750008,13.12497,12.750008,13.000028,126100,1.430824
1991-10-28,12.750008,12.875018,12.750008,12.750008,114700,1.403306
1991-10-25,12.624998,12.875018,12.499988,12.499988,112000,1.375788
1991-10-24,12.875018,13.000028,12.499988,12.624998,136300,1.389547
1991-10-23,13.000028,13.12497,13.000028,13.000028,157900,1.430824
1991-10-22,13.000028,13.24998,12.875018,13.12497,538600,1.444576
1991-10-21,13.000028,13.12497,12.875018,13.12497,269200,1.444576
1991-10-18,13.24998,13.24998,12.750008,12.875018,277300,1.417065
1991-10-17,13.12497,13.24998,13.000028,13.12497,600000,1.444576
1991-10-16,12.875018,13.24998,12.750008,13.24998,1034700,1.458335
1991-10-15,12.750008,12.875018,12.750008,12.875018,184900,1.417065
1991-10-14,12.875018,12.875018,12.750008,12.750008,114700,1.403306
1991-10-11,12.875018,12.875018,12.750008,12.875018,70200,1.417065
1991-10-10,12.750008,12.875018,12.624998,12.875018,222000,1.417065
1991-10-09,12.750008,12.875018,12.624998,12.875018,124200,1.417065
1991-10-08,12.624998,12.750008,12.499988,12.750008,227400,1.403306
1991-10-07,12.499988,12.624998,12.374978,12.374978,137700,1.362029
1991-10-04,12.624998,12.750008,12.624998,12.624998,215200,1.389547
1991-10-03,12.624998,12.750008,12.499988,12.750008,133600,1.403306
1991-10-02,12.624998,12.624998,12.374978,12.374978,134200,1.362029
1991-10-01,13.000028,13.000028,12.624998,12.624998,307800,1.389547
1991-09-30,12.750008,13.000028,12.624998,12.875018,315900,1.417065
1991-09-27,12.875018,12.875018,12.624998,12.750008,147700,1.403306
1991-09-26,12.750008,12.875018,12.624998,12.875018,151200,1.417065
1991-09-25,12.875018,12.875018,12.624998,12.624998,1237200,1.389547
1991-09-24,12.875018,12.875018,12.624998,12.875018,189000,1.417065
1991-09-23,12.750008,12.875018,12.624998,12.875018,234900,1.417065
1991-09-20,12.875018,12.875018,12.624998,12.624998,348900,1.389547
1991-09-19,12.624998,12.875018,12.624998,12.750008,260500,1.403306
1991-09-18,12.750008,12.750008,12.499988,12.624998,164700,1.389547
1991-09-17,12.624998,12.750008,12.499988,12.750008,303700,1.403306
1991-09-16,12.499988,12.750008,12.499988,12.624998,394800,1.389547
1991-09-13,12.499988,12.624998,12.499988,12.624998,424500,1.389547
1991-09-12,12.125025,12.499988,12.125025,12.499988,907200,1.375788
1991-09-11,12.249968,12.249968,12.125025,12.125025,265900,1.334519
1991-09-10,12.125025,12.374978,12.000015,12.249968,379900,1.34827
1991-09-09,12.125025,12.249968,12.125025,12.125025,224100,1.315804
1991-09-06,12.125025,12.125025,12.000015,12.125025,221400,1.315804
1991-09-05,12.125025,12.249968,11.875005,12.249968,319200,1.329363
1991-09-04,12.125025,12.125025,11.875005,12.000015,147100,1.302238
1991-09-03,12.249968,12.249968,12.000015,12.125025,425200,1.315804
1991-08-30,12.374978,12.374978,12.125025,12.249968,241600,1.329363
1991-08-29,12.374978,12.374978,12.249968,12.249968,309700,1.329363
1991-08-28,12.249968,12.499988,12.249968,12.374978,223300,1.342929
1991-08-27,12.374978,12.374978,12.125025,12.374978,247000,1.342929
1991-08-26,12.249968,12.624998,12.249968,12.374978,310500,1.342929
1991-08-23,12.125025,12.374978,12.125025,12.374978,244900,1.342929
1991-08-22,12.125025,12.249968,12.125025,12.125025,222000,1.315804
1991-08-21,12.249968,12.249968,12.125025,12.125025,313200,1.315804
1991-08-20,12.249968,12.249968,11.875005,12.125025,450900,1.315804
1991-08-19,12.000015,12.249968,11.749995,12.249968,317200,1.329363
1991-08-16,12.374978,12.374978,12.249968,12.374978,282700,1.342929
1991-08-15,12.249968,12.374978,12.249968,12.249968,98500,1.329363
1991-08-14,12.499988,12.499988,12.249968,12.249968,286800,1.329363
1991-08-13,12.374978,12.624998,12.374978,12.499988,131500,1.356495
1991-08-12,12.374978,12.499988,12.374978,12.374978,100500,1.342929
1991-08-09,13.000028,13.000028,12.374978,12.374978,602700,1.342929
1991-08-08,12.249968,12.750008,12.249968,12.750008,271300,1.383627
1991-08-07,12.249968,12.499988,12.125025,12.249968,278100,1.329363
1991-08-06,12.249968,12.374978,12.249968,12.249968,49200,1.329363
1991-08-05,12.499988,12.499988,12.249968,12.374978,280000,1.342929
1991-08-02,12.374978,12.499988,12.249968,12.499988,286200,1.356495
1991-08-01,12.125025,12.249968,12.125025,12.125025,228100,1.315804
1991-07-31,12.249968,12.374978,12.125025,12.249968,288100,1.329363
1991-07-30,12.499988,12.499988,12.249968,12.249968,175500,1.329363
1991-07-29,12.499988,12.499988,12.249968,12.374978,147700,1.342929
1991-07-26,12.499988,12.624998,12.374978,12.624998,168000,1.370061
1991-07-25,12.374978,12.499988,12.374978,12.499988,68800,1.356495
1991-07-24,12.499988,12.624998,12.374978,12.499988,132300,1.356495
1991-07-23,12.750008,12.750008,12.499988,12.499988,178200,1.356495
1991-07-22,12.875018,13.000028,12.875018,12.875018,136900,1.397193
1991-07-19,12.750008,13.000028,12.750008,13.000028,366400,1.410759
1991-07-18,12.499988,12.875018,12.499988,12.750008,276700,1.383627
1991-07-17,12.374978,12.499988,12.249968,12.374978,231400,1.342929
1991-07-16,12.499988,12.499988,12.374978,12.374978,181500,1.342929
1991-07-15,12.374978,12.499988,12.249968,12.374978,583200,1.342929
1991-07-12,12.374978,12.499988,12.125025,12.249968,97200,1.329363
1991-07-11,12.249968,12.374978,12.000015,12.249968,268600,1.329363
1991-07-10,12.249968,12.499988,12.125025,12.125025,137700,1.315804
1991-07-09,12.125025,12.374978,12.125025,12.374978,95100,1.342929
1991-07-08,12.249968,12.249968,12.125025,12.249968,84300,1.329363
1991-07-05,12.000015,12.249968,12.000015,12.125025,89700,1.315804
1991-07-03,11.749995,12.125025,11.749995,12.000015,199000,1.302238
1991-07-02,12.249968,12.249968,11.875005,12.000015,203100,1.302238
1991-07-01,12.499988,12.499988,12.125025,12.249968,93700,1.329363
1991-06-28,12.374978,12.624998,12.374978,12.499988,273300,1.356495
1991-06-27,11.875005,12.499988,11.875005,12.499988,465700,1.356495
1991-06-26,11.875005,12.125025,11.499975,12.000015,641200,1.302238
1991-06-25,12.374978,12.374978,12.125025,12.125025,82300,1.315804
1991-06-24,12.125025,12.374978,12.000015,12.249968,138300,1.329363
1991-06-21,12.000015,12.374978,12.000015,12.249968,130200,1.329363
1991-06-20,12.374978,12.499988,12.000015,12.125025,319900,1.315804
1991-06-19,12.875018,12.875018,12.125025,12.374978,184900,1.342929
1991-06-18,12.875018,13.000028,12.750008,12.875018,361800,1.397193
1991-06-17,12.875018,12.875018,12.750008,12.750008,72900,1.383627
1991-06-14,12.624998,12.875018,12.624998,12.875018,163900,1.397193
1991-06-13,12.624998,12.624998,12.374978,12.624998,371200,1.370061
1991-06-12,12.624998,12.624998,12.125025,12.499988,295600,1.356495
1991-06-11,12.624998,12.750008,12.499988,12.624998,219300,1.370061
1991-06-10,13.000028,13.000028,12.624998,12.750008,523000,1.383627
1991-06-07,13.24998,13.37499,13.12497,13.37499,361800,1.43409
1991-06-06,13.12497,13.37499,12.875018,13.37499,510300,1.43409
1991-06-05,13.12497,13.37499,13.000028,13.12497,269200,1.407282
1991-06-04,13.000028,13.12497,12.750008,13.12497,1512000,1.407282
1991-06-03,13.12497,13.24998,12.750008,13.12497,574300,1.407282
1991-05-31,13.12497,13.24998,12.750008,13.24998,649300,1.420686
1991-05-30,12.374978,13.24998,12.374978,13.24998,947700,1.420686
1991-05-29,12.125025,12.374978,12.000015,12.249968,487300,1.313463
1991-05-28,12.000015,12.125025,11.875005,12.125025,276000,1.300066
1991-05-24,11.875005,12.000015,11.875005,11.875005,211200,1.273259
1991-05-23,11.875005,12.000015,11.749995,12.000015,706600,1.286663
1991-05-22,11.875005,12.000015,11.875005,11.875005,1071100,1.273259
1991-05-21,12.000015,12.000015,11.875005,11.875005,572400,1.273259
1991-05-20,12.249968,12.249968,12.000015,12.000015,387400,1.286663
1991-05-17,12.249968,12.249968,12.000015,12.249968,205200,1.313463
1991-05-16,12.125025,12.249968,12.000015,12.249968,303000,1.313463
1991-05-15,12.125025,12.125025,12.000015,12.000015,355000,1.286663
1991-05-14,12.000015,12.125025,12.000015,12.125025,415800,1.300066
1991-05-13,12.000015,12.125025,12.000015,12.000015,297000,1.286663
1991-05-10,12.000015,12.000015,11.875005,12.000015,475800,1.286663
1991-05-09,11.875005,12.000015,11.749995,11.875005,1550400,1.273259
1991-05-08,11.749995,11.875005,11.749995,11.875005,291600,1.273259
1991-05-07,11.875005,11.875005,11.749995,11.749995,257100,1.259855
1991-05-06,12.000015,12.000015,11.749995,11.875005,1999900,1.273259
1991-05-03,12.000015,12.000015,11.875005,12.000015,132300,1.286663
1991-05-02,11.875005,12.000015,11.875005,12.000015,255100,1.286663
1991-05-01,12.125025,12.125025,11.875005,12.000015,390100,1.286663
1991-04-30,12.374978,12.624998,12.000015,12.000015,1742100,1.286663
1991-04-29,12.499988,12.499988,12.374978,12.499988,196300,1.34027
1991-04-26,12.499988,12.499988,12.374978,12.499988,186300,1.34027
1991-04-25,12.249968,12.750008,12.125025,12.624998,598600,1.353674
1991-04-24,12.624998,12.624998,12.249968,12.374978,385300,1.326867
1991-04-23,12.249968,12.499988,12.249968,12.499988,685800,1.34027
1991-04-22,12.750008,12.750008,12.000015,12.125025,677700,1.300066
1991-04-19,12.875018,12.875018,12.750008,12.750008,594600,1.367078
1991-04-18,13.000028,13.24998,12.750008,13.000028,757300,1.393886
1991-04-17,13.000028,13.12497,12.875018,13.000028,560200,1.393886
1991-04-16,12.875018,13.24998,12.750008,13.24998,409600,1.420686
1991-04-15,12.249968,12.750008,12.249968,12.750008,523000,1.367078
1991-04-12,12.125025,12.249968,12.000015,12.125025,639900,1.300066
1991-04-11,12.125025,12.374978,12.000015,12.249968,406900,1.313463
1991-04-10,11.749995,12.125025,11.749995,12.125025,972600,1.300066
1991-04-09,11.875005,12.000015,11.749995,11.749995,163300,1.259855
1991-04-08,12.000015,12.000015,11.875005,12.000015,348300,1.286663
1991-04-05,12.125025,12.125025,11.875005,12.000015,159300,1.286663
1991-04-04,12.000015,12.249968,11.875005,12.000015,511600,1.286663
1991-04-03,12.000015,12.000015,11.749995,12.000015,96400,1.286663
1991-04-02,12.000015,12.125025,11.875005,11.875005,266500,1.273259
1991-04-01,12.000015,12.000015,11.749995,12.000015,294900,1.286663
1991-03-28,11.875005,12.000015,11.875005,12.000015,139000,1.286663
1991-03-27,11.749995,12.000015,11.749995,12.000015,594000,1.286663
1991-03-26,11.875005,11.875005,11.749995,11.875005,558900,1.273259
1991-03-25,11.749995,12.000015,11.749995,12.000015,243600,1.286663
1991-03-22,11.624985,11.875005,11.624985,11.749995,90400,1.259855
1991-03-21,11.624985,11.875005,11.624985,11.875005,529800,1.273259
1991-03-20,11.875005,11.875005,11.499975,11.624985,349600,1.246451
1991-03-19,11.875005,12.000015,11.749995,11.875005,201100,1.273259
1991-03-18,11.749995,12.000015,11.749995,12.000015,184200,1.286663
1991-03-15,12.000015,12.000015,11.749995,11.749995,217900,1.259855
1991-03-14,12.000015,12.249968,11.875005,12.000015,474400,1.286663
1991-03-13,12.374978,12.374978,11.875005,11.875005,336700,1.273259
1991-03-12,12.125025,12.499988,12.125025,12.249968,600700,1.313463
1991-03-11,12.125025,12.249968,11.875005,12.249968,221400,1.313463
1991-03-08,12.000015,12.249968,11.875005,12.249968,278700,1.29631
1991-03-07,12.499988,12.499988,12.000015,12.125025,767400,1.283089
1991-03-06,12.750008,12.750008,12.374978,12.374978,1117000,1.309539
1991-03-05,12.499988,12.750008,12.374978,12.499988,683100,1.322768
1991-03-04,12.000015,12.499988,12.000015,12.374978,469800,1.309539
1991-03-01,12.000015,12.000015,11.875005,11.875005,318600,1.256631
1991-02-28,12.000015,12.125025,11.875005,12.000015,450100,1.26986
1991-02-27,11.749995,12.000015,11.749995,11.875005,180100,1.256631
1991-02-26,12.000015,12.125025,11.875005,11.875005,402900,1.256631
1991-02-25,12.249968,12.374978,12.000015,12.000015,563500,1.26986
1991-02-22,11.624985,12.125025,11.624985,12.125025,974700,1.283089
1991-02-21,11.749995,11.749995,11.499975,11.624985,627700,1.230173
1991-02-20,11.624985,11.875005,11.499975,11.749995,448800,1.243402
1991-02-19,11.749995,11.749995,11.499975,11.624985,311100,1.230173
1991-02-15,11.499975,11.749995,11.499975,11.749995,244900,1.243402
1991-02-14,11.749995,11.875005,11.375032,11.499975,502200,1.216945
1991-02-13,11.375032,11.875005,11.250022,11.749995,566200,1.243402
1991-02-12,11.375032,11.499975,11.250022,11.375032,560200,1.203723
1991-02-11,11.000002,11.375032,10.874992,11.375032,765400,1.203723
1991-02-08,11.000002,11.000002,10.874992,10.874992,151200,1.150808
1991-02-07,10.874992,11.000002,10.874992,11.000002,389400,1.164037
1991-02-06,11.375032,11.375032,10.874992,11.000002,396900,1.164037
1991-02-05,11.000002,11.749995,11.000002,11.375032,1134600,1.203723
1991-02-04,10.50003,11.125012,10.37502,11.125012,371800,1.177266
1991-02-01,10.37502,10.50003,10.25001,10.50003,190300,1.111129
1991-01-31,10.25001,10.37502,10.25001,10.37502,330000,1.0979
1991-01-30,9.99999,10.25001,9.99999,10.125,593200,1.071443
1991-01-29,9.87498,9.99999,9.74997,9.99999,230100,1.058214
1991-01-28,9.87498,9.99999,9.74997,9.74997,54000,1.031757
1991-01-25,10.125,10.125,9.74997,9.74997,282100,1.031757
1991-01-24,9.99999,10.125,9.87498,9.99999,247000,1.058214
1991-01-23,9.625028,10.125,9.625028,9.87498,494100,1.044985
1991-01-22,9.249998,9.625028,9.249998,9.500018,293500,1.005306
1991-01-21,9.375008,9.500018,9.249998,9.375008,118800,0.992077
1991-01-18,8.500005,9.249998,8.500005,9.249998,517000,0.978849
1991-01-17,8.999978,9.249998,8.874968,8.874968,1692100,0.939163
1991-01-16,8.625015,8.750025,8.500005,8.625015,502200,0.912712
1991-01-15,8.625015,8.750025,8.625015,8.750025,147700,0.925941
1991-01-14,8.625015,8.750025,8.500005,8.625015,336700,0.912712
1991-01-11,8.750025,8.874968,8.750025,8.750025,125500,0.925941
1991-01-10,8.999978,8.999978,8.750025,8.874968,169300,0.939163
1991-01-09,9.124988,9.249998,8.874968,8.999978,377200,0.952391
1991-01-08,9.124988,9.249998,8.999978,8.999978,423100,0.952391
1991-01-07,9.375008,9.500018,9.124988,9.249998,552100,0.978849
1991-01-04,9.625028,9.625028,9.375008,9.375008,263200,0.992077
1991-01-03,9.74997,9.87498,9.500018,9.500018,162600,1.005306
1991-01-02,9.625028,9.87498,9.625028,9.74997,421800,1.031757
1990-12-31,9.625028,9.74997,8.874968,9.500018,520300,1.005306
1990-12-28,9.625028,10.37502,9.625028,9.74997,398800,1.031757
1990-12-27,9.74997,9.87498,9.74997,9.74997,350200,1.031757
1990-12-26,9.74997,9.99999,9.74997,9.74997,100500,1.031757
1990-12-24,9.74997,9.87498,9.74997,9.87498,91000,1.044985
1990-12-21,9.87498,9.87498,9.74997,9.74997,566200,1.031757
1990-12-20,9.625028,9.87498,9.625028,9.87498,311100,1.044985
1990-12-19,9.87498,9.99999,9.500018,9.74997,417100,1.031757
1990-12-18,9.74997,9.99999,9.74997,9.99999,140400,1.058214
1990-12-17,9.87498,9.99999,9.625028,9.74997,154500,1.031757
1990-12-14,10.125,10.25001,9.99999,9.99999,484600,1.058214
1990-12-13,10.125,10.37502,10.125,10.25001,203100,1.084672
1990-12-12,10.125,10.125,9.99999,9.99999,139600,1.058214
1990-12-11,9.99999,10.125,9.99999,9.99999,207100,1.058214
1990-12-10,9.99999,10.125,9.87498,10.125,237600,1.071443
1990-12-07,9.99999,10.125,9.74997,9.99999,174700,1.058214
1990-12-06,10.25001,10.25001,9.99999,9.99999,318600,1.058214
1990-12-05,10.25001,10.25001,10.125,10.125,79600,1.071443
1990-12-04,10.125,10.37502,10.125,10.25001,591900,1.084672
1990-12-03,9.87498,10.25001,9.74997,9.99999,732300,1.058214
1990-11-30,8.999978,9.625028,8.999978,9.625028,681000,1.001606
1990-11-29,8.999978,9.124988,8.874968,9.124988,801100,0.949571
1990-11-28,8.874968,9.124988,8.874968,8.999978,695800,0.936562
1990-11-27,8.874968,8.999978,8.874968,8.874968,167400,0.923553
1990-11-26,8.874968,8.999978,8.750025,8.999978,270600,0.936562
1990-11-23,8.999978,8.999978,8.874968,8.874968,75600,0.923553
1990-11-21,8.750025,8.999978,8.750025,8.999978,159300,0.936562
1990-11-20,8.874968,9.124988,8.750025,8.750025,438000,0.910551
1990-11-19,8.999978,8.999978,8.625015,8.750025,1055700,0.910551
1990-11-16,8.999978,8.999978,8.874968,8.999978,270000,0.936562
1990-11-15,9.124988,9.124988,8.999978,8.999978,349600,0.936562
1990-11-14,8.999978,9.124988,8.874968,9.124988,460300,0.949571
1990-11-13,9.124988,9.124988,8.874968,8.874968,220600,0.923553
1990-11-12,8.999978,9.124988,8.874968,8.999978,378000,0.936562
1990-11-09,8.999978,9.124988,8.750025,8.999978,99100,0.936562
1990-11-08,8.750025,9.124988,8.625015,8.999978,238200,0.936562
1990-11-07,8.750025,8.874968,8.750025,8.874968,423900,0.923553
1990-11-06,8.874968,8.874968,8.625015,8.750025,228100,0.910551
1990-11-05,9.124988,9.124988,8.625015,8.874968,230100,0.923553
1990-11-02,9.124988,9.124988,8.999978,9.124988,485200,0.949571
1990-11-01,8.999978,9.124988,8.750025,8.999978,153100,0.936562
1990-10-31,8.999978,9.124988,8.874968,8.999978,50500,0.936562
1990-10-30,8.999978,9.249998,8.750025,8.999978,197700,0.936562
1990-10-29,9.124988,9.375008,8.999978,9.124988,226800,0.949571
1990-10-26,8.999978,9.124988,8.874968,8.999978,188200,0.936562
1990-10-25,9.500018,9.500018,8.999978,9.124988,147100,0.949571
1990-10-24,9.124988,9.625028,8.999978,9.625028,164700,1.001606
1990-10-23,8.750025,9.249998,8.750025,9.249998,149800,0.96258
1990-10-22,9.500018,9.74997,8.750025,8.750025,469800,0.910551
1990-10-19,8.999978,9.375008,8.999978,9.375008,111300,0.975588
1990-10-18,8.750025,9.124988,8.750025,9.124988,1025200,0.949571
1990-10-17,8.874968,8.999978,8.750025,8.750025,353700,0.910551
1990-10-16,8.999978,9.124988,8.874968,8.999978,165300,0.936562
1990-10-15,9.375008,9.375008,8.999978,8.999978,203800,0.936562
1990-10-12,9.249998,9.375008,9.124988,9.249998,116700,0.96258
1990-10-11,9.375008,9.500018,9.249998,9.375008,605400,0.975588
1990-10-10,9.500018,9.500018,9.124988,9.249998,268600,0.96258
1990-10-09,9.74997,9.74997,9.625028,9.74997,137700,1.014608
1990-10-08,9.99999,9.99999,9.87498,9.87498,156600,1.027617
1990-10-05,9.74997,9.87498,9.625028,9.87498,189000,1.027617
1990-10-04,9.87498,9.87498,9.74997,9.87498,157200,1.027617
1990-10-03,9.74997,9.74997,9.500018,9.625028,1810300,1.001606
1990-10-02,9.500018,9.87498,9.500018,9.74997,167400,1.014608
1990-10-01,8.750025,9.500018,8.625015,9.500018,225400,0.988597
1990-09-28,8.500005,8.874968,8.249985,8.625015,433900,0.897542
1990-09-27,9.375008,9.375008,8.750025,8.750025,209200,0.910551
1990-09-26,9.625028,9.625028,9.124988,9.249998,689800,0.96258
1990-09-25,10.125,10.125,9.375008,9.500018,689100,0.988597
1990-09-24,9.87498,10.125,9.87498,9.99999,204400,1.040626
1990-09-21,10.125,10.25001,9.87498,10.125,163300,1.053635
1990-09-20,10.125,10.25001,9.99999,9.99999,126100,1.040626
1990-09-19,10.125,10.624972,10.125,10.25001,169300,1.066644
1990-09-18,9.99999,9.99999,9.87498,9.99999,159900,1.040626
1990-09-17,9.87498,10.125,9.87498,9.87498,203100,1.027617
1990-09-14,9.87498,9.99999,9.74997,9.87498,173400,1.027617
1990-09-13,9.99999,9.99999,9.74997,9.74997,108600,1.014608
1990-09-12,9.87498,9.99999,9.87498,9.99999,198400,1.040626
1990-09-11,9.99999,9.99999,9.74997,9.99999,168700,1.040626
1990-09-10,9.99999,9.99999,9.625028,9.87498,703900,1.027617
1990-09-07,9.74997,9.87498,9.74997,9.87498,95800,1.01097
1990-09-06,9.87498,9.99999,9.625028,9.87498,345600,1.01097
1990-09-05,10.125,10.125,9.87498,9.99999,298300,1.023768
1990-09-04,10.37502,10.37502,9.99999,10.25001,96400,1.049364
1990-08-31,10.37502,10.37502,10.25001,10.37502,770800,1.062162
1990-08-30,10.37502,10.50003,10.25001,10.25001,749800,1.049364
1990-08-29,10.37502,10.749982,10.37502,10.50003,205200,1.07496
1990-08-28,10.624972,10.624972,10.37502,10.37502,87700,1.062162
1990-08-27,10.624972,10.624972,10.50003,10.50003,98500,1.07496
1990-08-24,9.99999,10.50003,9.99999,10.37502,159900,1.062162
1990-08-23,10.125,10.125,9.74997,9.99999,572400,1.023768
1990-08-22,10.25001,10.50003,10.25001,10.25001,399600,1.049364
1990-08-21,10.624972,10.624972,10.25001,10.37502,524400,1.062162
1990-08-20,10.50003,10.624972,10.37502,10.50003,416400,1.07496
1990-08-17,10.624972,10.624972,10.37502,10.37502,440700,1.062162
1990-08-16,10.874992,11.000002,10.624972,10.749982,275400,1.10055
1990-08-15,10.624972,11.000002,10.50003,11.000002,308400,1.126146
1990-08-14,10.37502,10.50003,10.37502,10.50003,87700,1.07496
1990-08-13,10.50003,10.50003,10.37502,10.50003,137700,1.07496
1990-08-10,10.50003,10.749982,10.37502,10.50003,918600,1.07496
1990-08-09,10.624972,10.624972,10.25001,10.50003,350200,1.07496
1990-08-08,10.624972,10.874992,10.50003,10.50003,207100,1.07496
1990-08-07,10.50003,10.749982,10.37502,10.624972,243000,1.087751
1990-08-06,10.50003,10.624972,9.74997,10.50003,436000,1.07496
1990-08-03,10.749982,10.874992,10.50003,10.749982,406900,1.10055
1990-08-02,11.125012,11.125012,10.749982,10.874992,811300,1.113348
1990-08-01,11.250022,11.375032,11.125012,11.250022,1118400,1.151742
1990-07-31,11.375032,11.499975,11.250022,11.375032,951700,1.16454
1990-07-30,11.499975,11.499975,11.000002,11.375032,726900,1.16454
1990-07-27,11.875005,12.000015,11.624985,11.624985,280800,1.19013
1990-07-26,11.875005,12.000015,11.749995,12.000015,152500,1.228524
1990-07-25,12.000015,12.000015,11.875005,11.875005,115300,1.215726
1990-07-24,12.000015,12.125025,11.875005,11.875005,641800,1.215726
1990-07-23,12.000015,12.125025,11.624985,12.000015,944200,1.228524
1990-07-20,12.249968,12.499988,11.875005,12.000015,537300,1.228524
1990-07-19,12.249968,12.374978,12.249968,12.374978,387400,1.266911
1990-07-18,12.374978,12.499988,12.249968,12.249968,92400,1.254113
1990-07-17,12.624998,12.624998,12.374978,12.374978,739800,1.266911
1990-07-16,12.750008,12.750008,12.374978,12.624998,875400,1.292508
1990-07-13,12.750008,12.875018,12.499988,12.875018,193000,1.318104
1990-07-12,13.000028,13.000028,12.750008,12.875018,135600,1.318104
1990-07-11,13.000028,13.12497,12.875018,13.000028,901800,1.330902
1990-07-10,13.000028,13.12497,12.875018,13.12497,1238500,1.343693
1990-07-09,13.37499,13.37499,12.750008,13.000028,199000,1.330902
1990-07-06,12.750008,13.24998,12.624998,13.24998,56700,1.356491
1990-07-05,12.875018,12.875018,12.624998,12.750008,94500,1.305306
1990-07-03,12.750008,13.000028,12.750008,12.875018,481200,1.318104
1990-07-02,13.12497,13.12497,12.750008,12.875018,170100,1.318104
1990-06-29,13.12497,13.37499,12.875018,13.12497,2686500,1.343693
1990-06-28,12.875018,13.12497,12.750008,13.12497,471100,1.343693
1990-06-27,13.24998,13.24998,12.875018,13.000028,479200,1.330902
1990-06-26,12.875018,13.24998,12.750008,13.24998,130900,1.356491
1990-06-25,12.875018,13.000028,12.875018,12.875018,227400,1.318104
1990-06-22,13.24998,13.24998,13.000028,13.000028,378600,1.330902
1990-06-21,13.24998,13.24998,13.000028,13.24998,430600,1.356491
1990-06-20,13.000028,13.12497,12.875018,13.12497,1534900,1.343693
1990-06-19,13.000028,13.12497,13.000028,13.000028,194400,1.330902
1990-06-18,13.24998,13.24998,13.000028,13.000028,127500,1.330902
1990-06-15,13.12497,13.37499,13.12497,13.12497,470400,1.343693
1990-06-14,13.625011,13.625011,13.24998,13.24998,140400,1.356491
1990-06-13,13.37499,13.625011,13.24998,13.625011,184900,1.394886
1990-06-12,13.50,13.625011,13.24998,13.625011,233500,1.394886
1990-06-11,13.625011,13.75002,13.37499,13.37499,446100,1.36929
1990-06-08,14.124983,14.124983,13.999972,13.999972,2811300,1.416896
1990-06-07,14.124983,14.124983,13.999972,13.999972,1407300,1.416896
1990-06-06,14.249992,14.500012,14.124983,14.249992,831600,1.442199
1990-06-05,14.375003,14.500012,14.249992,14.249992,384000,1.442199
1990-06-04,13.999972,14.500012,13.999972,14.375003,247600,1.454851
1990-06-01,13.75002,14.124983,13.75002,13.999972,263200,1.416896
1990-05-31,13.875031,13.999972,13.75002,13.875031,375300,1.404251
1990-05-30,13.999972,14.124983,13.999972,14.124983,172000,1.429548
1990-05-29,13.875031,14.124983,13.875031,14.124983,198400,1.429548
1990-05-25,13.875031,14.249992,13.875031,13.999972,212500,1.416896
1990-05-24,13.999972,14.124983,13.875031,13.875031,677700,1.404251
1990-05-23,13.50,14.124983,13.50,13.875031,675600,1.404251
1990-05-22,14.124983,14.124983,13.625011,13.625011,153900,1.378947
1990-05-21,13.75002,14.124983,13.75002,13.999972,187600,1.416896
1990-05-18,13.625011,13.875031,13.50,13.875031,449500,1.404251
1990-05-17,13.50,13.625011,13.50,13.625011,216000,1.378947
1990-05-16,13.50,13.625011,13.37499,13.625011,430600,1.378947
1990-05-15,13.50,13.75002,13.50,13.50,120100,1.366295
1990-05-14,13.50,13.625011,13.50,13.625011,461700,1.378947
1990-05-11,13.50,13.625011,13.50,13.625011,417700,1.378947
1990-05-10,13.12497,13.50,13.12497,13.50,476500,1.366295
1990-05-09,13.12497,13.37499,13.12497,13.12497,116700,1.328339
1990-05-08,13.12497,13.37499,13.000028,13.12497,169300,1.328339
1990-05-07,13.000028,13.24998,13.000028,13.000028,148500,1.315694
1990-05-04,13.000028,13.12497,12.875018,13.000028,381300,1.315694
1990-05-03,12.624998,13.000028,12.624998,13.000028,232800,1.315694
1990-05-02,13.000028,13.000028,12.624998,12.750008,143100,1.29039
1990-05-01,12.875018,13.12497,12.875018,13.000028,249000,1.315694
1990-04-30,13.000028,13.000028,12.750008,12.875018,436600,1.303042
1990-04-27,13.12497,13.24998,12.875018,12.875018,963900,1.303042
1990-04-26,13.12497,13.12497,13.000028,13.000028,165300,1.315694
1990-04-25,13.000028,13.12497,12.875018,12.875018,118000,1.303042
1990-04-24,13.24998,13.37499,13.000028,13.12497,136300,1.328339
1990-04-23,12.875018,13.24998,12.875018,13.24998,220000,1.340991
1990-04-20,13.000028,13.000028,12.875018,12.875018,422500,1.303042
1990-04-19,13.12497,13.12497,12.875018,12.875018,84300,1.303042
1990-04-18,13.24998,13.24998,12.875018,13.12497,179500,1.328339
1990-04-17,12.875018,13.37499,12.875018,13.37499,378000,1.353643
1990-04-16,13.24998,13.24998,12.875018,12.875018,310500,1.303042
1990-04-12,13.000028,13.37499,13.000028,13.12497,154500,1.328339
1990-04-11,13.24998,13.24998,13.000028,13.12497,384700,1.328339
1990-04-10,13.000028,13.12497,13.000028,13.000028,108600,1.315694
1990-04-09,13.12497,13.24998,13.12497,13.12497,75600,1.328339
1990-04-06,13.24998,13.24998,13.12497,13.24998,91800,1.340991
1990-04-05,13.24998,13.37499,13.12497,13.24998,135600,1.340991
1990-04-04,13.37499,13.37499,13.000028,13.12497,395500,1.328339
1990-04-03,12.750008,13.37499,12.750008,13.24998,94500,1.340991
1990-04-02,12.875018,13.000028,12.750008,13.000028,480600,1.315694
1990-03-30,13.24998,13.24998,12.875018,12.875018,232200,1.303042
1990-03-29,13.24998,13.37499,13.12497,13.12497,87700,1.328339
1990-03-28,13.50,13.50,13.24998,13.37499,242200,1.353643
1990-03-27,13.37499,13.50,13.24998,13.50,155800,1.366295
1990-03-26,13.37499,13.50,13.12497,13.37499,323200,1.353643
1990-03-23,13.12497,13.37499,13.12497,13.24998,263800,1.340991
1990-03-22,13.000028,13.12497,13.000028,13.000028,164700,1.315694
1990-03-21,12.750008,13.12497,12.750008,13.000028,198400,1.315694
1990-03-20,12.750008,12.875018,12.499988,12.750008,351000,1.29039
1990-03-19,12.624998,12.875018,12.499988,12.750008,243600,1.29039
1990-03-16,12.875018,12.875018,12.750008,12.750008,198400,1.29039
1990-03-15,12.750008,12.875018,12.750008,12.750008,289500,1.29039
1990-03-14,12.374978,12.624998,12.374978,12.499988,371800,1.265087
1990-03-13,12.499988,12.499988,12.125025,12.499988,197700,1.265087
1990-03-12,12.624998,12.750008,12.499988,12.499988,383400,1.265087
1990-03-09,12.750008,12.875018,12.624998,12.875018,282100,1.286852
1990-03-08,12.000015,12.875018,12.000015,12.875018,951000,1.286852
1990-03-07,12.000015,12.249968,11.875005,12.000015,922600,1.199396
1990-03-06,11.875005,12.125025,11.875005,12.000015,231400,1.199396
1990-03-05,11.875005,12.000015,11.749995,12.000015,519000,1.199396
1990-03-02,12.000015,12.125025,11.749995,12.000015,606700,1.199396
1990-03-01,11.749995,12.125025,11.499975,12.000015,631000,1.199396
1990-02-28,11.875005,12.000015,11.624985,11.875005,801100,1.186901
1990-02-27,12.000015,12.125025,11.875005,12.000015,417700,1.199396
1990-02-26,11.875005,12.000015,11.624985,11.875005,1207500,1.186901
1990-02-23,11.749995,11.875005,11.749995,11.875005,516300,1.186901
1990-02-22,11.875005,12.000015,11.875005,11.875005,201700,1.186901
1990-02-21,12.000015,12.000015,11.749995,12.000015,598600,1.199396
1990-02-20,12.125025,12.125025,11.875005,11.875005,579700,1.186901
1990-02-16,12.249968,12.374978,12.125025,12.249968,246300,1.224378
1990-02-15,12.499988,12.499988,12.125025,12.125025,993600,1.21189
1990-02-14,12.374978,12.499988,12.374978,12.374978,661500,1.236873
1990-02-13,12.499988,12.499988,12.374978,12.499988,347500,1.249368
1990-02-12,12.750008,12.750008,12.374978,12.624998,234100,1.261862
1990-02-09,12.374978,12.750008,12.374978,12.750008,402900,1.274357
1990-02-08,12.249968,12.750008,12.249968,12.499988,568300,1.249368
1990-02-07,12.249968,12.249968,12.125025,12.125025,129600,1.21189
1990-02-06,12.374978,12.374978,12.125025,12.125025,93100,1.21189
1990-02-05,12.249968,12.374978,12.249968,12.374978,78900,1.236873
1990-02-02,12.374978,12.374978,12.125025,12.374978,833500,1.236873
1990-02-01,12.499988,12.624998,12.374978,12.499988,489300,1.249368
1990-01-31,12.624998,12.750008,12.499988,12.624998,294900,1.261862
1990-01-30,12.624998,12.624998,12.374978,12.624998,114700,1.261862
1990-01-29,12.624998,12.750008,12.374978,12.499988,294300,1.249368
1990-01-26,12.624998,12.750008,12.499988,12.750008,261900,1.274357
1990-01-25,12.750008,12.875018,12.499988,12.750008,359700,1.274357
1990-01-24,12.499988,12.624998,12.249968,12.624998,289500,1.261862
1990-01-23,12.750008,12.750008,12.374978,12.499988,112000,1.249368
1990-01-22,12.875018,13.000028,12.750008,12.750008,302400,1.274357
1990-01-19,12.750008,13.000028,12.624998,12.875018,203100,1.286852
1990-01-18,12.750008,12.875018,12.499988,12.499988,240300,1.249368
1990-01-17,12.249968,13.12497,12.249968,12.750008,591300,1.274357
1990-01-16,12.499988,12.750008,12.249968,12.374978,266500,1.236873
1990-01-15,12.249968,12.624998,12.249968,12.624998,162000,1.261862
1990-01-12,13.000028,13.000028,12.249968,12.374978,383400,1.236873
1990-01-11,13.000028,13.000028,12.875018,12.875018,359100,1.286852
1990-01-10,12.875018,13.000028,12.875018,13.000028,322600,1.299346
1990-01-09,13.000028,13.12497,13.000028,13.000028,305700,1.299346
1990-01-08,13.24998,13.24998,13.000028,13.12497,183600,1.311834
1990-01-05,13.12497,13.24998,12.875018,13.24998,346200,1.324329
1990-01-04,13.37499,13.50,13.000028,13.37499,346200,1.336824
1990-01-03,13.50,13.50,13.24998,13.50,376600,1.349318
1990-01-02,13.50,13.50,13.12497,13.37499,273300,1.336824
1989-12-29,13.000028,13.50,12.875018,13.50,472500,1.349318
1989-12-28,13.12497,13.24998,13.000028,13.24998,241600,1.324329
1989-12-27,13.24998,13.50,13.12497,13.24998,281400,1.324329
1989-12-26,13.000028,13.12497,12.875018,13.12497,95100,1.311834
1989-12-22,13.12497,13.12497,12.750008,12.875018,180900,1.286852
1989-12-21,12.125025,13.000028,12.000015,12.875018,1098100,1.286852
1989-12-20,12.499988,12.499988,12.125025,12.249968,448800,1.224378
1989-12-19,12.750008,12.750008,12.374978,12.499988,327300,1.249368
1989-12-18,13.000028,13.000028,12.624998,12.750008,371200,1.274357
1989-12-15,13.12497,13.12497,12.750008,13.000028,157900,1.299346
1989-12-14,13.37499,13.37499,13.000028,13.12497,301600,1.311834
1989-12-13,13.625011,13.75002,13.37499,13.37499,171400,1.336824
1989-12-12,13.50,13.50,13.24998,13.50,118000,1.349318
1989-12-11,13.625011,13.625011,13.50,13.50,124200,1.349318
1989-12-08,13.50,13.625011,13.37499,13.50,158500,1.349318
1989-12-07,13.625011,13.75002,13.37499,13.50,170100,1.349318
1989-12-06,13.50,13.75002,13.50,13.625011,121500,1.361813
1989-12-05,13.37499,13.625011,13.37499,13.625011,245700,1.361813
1989-12-04,13.37499,13.625011,13.24998,13.50,118000,1.349318
1989-12-01,13.50,13.50,13.12497,13.37499,224100,1.320834
1989-11-30,13.50,13.625011,13.24998,13.50,182800,1.333179
1989-11-29,13.625011,13.75002,13.24998,13.50,327300,1.333179
1989-11-28,13.75002,13.875031,13.50,13.625011,220000,1.345525
1989-11-27,13.50,13.75002,13.50,13.75002,357000,1.35787
1989-11-24,12.875018,13.50,12.875018,13.50,274000,1.333179
1989-11-22,13.000028,13.12497,12.499988,13.000028,298300,1.283805
1989-11-21,13.12497,13.37499,12.624998,13.000028,609400,1.283805
1989-11-20,13.999972,13.999972,13.24998,13.24998,1140700,1.308489
1989-11-17,13.24998,13.37499,13.000028,13.12497,340800,1.296144
1989-11-16,13.37499,13.37499,13.12497,13.24998,148500,1.308489
1989-11-15,13.37499,13.37499,13.12497,13.24998,155200,1.308489
1989-11-14,13.24998,13.37499,13.12497,13.24998,109300,1.308489
1989-11-13,13.12497,13.24998,13.12497,13.24998,39700,1.308489
1989-11-10,13.000028,13.37499,13.000028,13.12497,176800,1.296144
1989-11-09,13.37499,13.50,13.12497,13.12497,424500,1.296144
1989-11-08,13.50,13.625011,13.000028,13.50,136900,1.333179
1989-11-07,13.37499,13.625011,13.37499,13.625011,244900,1.345525
1989-11-06,13.24998,13.50,13.24998,13.37499,292900,1.320834
1989-11-03,13.24998,13.37499,13.12497,13.37499,76200,1.320834
1989-11-02,13.37499,13.37499,13.12497,13.24998,102600,1.308489
1989-11-01,13.000028,13.24998,13.000028,13.24998,317800,1.308489
1989-10-31,12.875018,13.000028,12.750008,12.750008,180900,1.259115
1989-10-30,13.000028,13.000028,12.750008,12.875018,282700,1.27146
1989-10-27,13.000028,13.000028,12.875018,13.000028,214600,1.283805
1989-10-26,13.75002,13.75002,12.875018,13.000028,764100,1.283805
1989-10-25,13.75002,13.75002,13.50,13.625011,641200,1.345525
1989-10-24,13.999972,13.999972,13.50,13.625011,304300,1.345525
1989-10-23,14.124983,14.124983,13.50,13.75002,238900,1.35787
1989-10-20,13.875031,14.124983,13.875031,13.999972,119400,1.382554
1989-10-19,13.875031,13.999972,13.875031,13.999972,171400,1.382554
1989-10-18,13.999972,13.999972,13.75002,13.999972,238900,1.382554
1989-10-17,13.999972,13.999972,13.875031,13.999972,141700,1.382554
1989-10-16,13.875031,13.999972,13.50,13.999972,546000,1.382554
1989-10-13,14.500012,14.500012,14.249992,14.249992,162600,1.407244
1989-10-12,14.500012,14.625023,14.375003,14.375003,109300,1.41959
1989-10-11,14.625023,14.625023,14.500012,14.500012,224700,1.431935
1989-10-10,14.249992,14.750032,14.249992,14.750032,288100,1.456625
1989-10-09,14.249992,14.375003,14.249992,14.249992,240300,1.407244
1989-10-06,14.500012,14.625023,14.249992,14.249992,411000,1.407244
1989-10-05,14.625023,14.750032,14.500012,14.500012,173400,1.431935
1989-10-04,14.999985,14.999985,14.750032,14.750032,103900,1.456625
1989-10-03,14.750032,14.999985,14.750032,14.874975,300300,1.468964
1989-10-02,14.625023,14.874975,14.375003,14.625023,117400,1.44428
1989-09-29,14.500012,14.625023,14.375003,14.500012,308400,1.431935
1989-09-28,14.625023,14.625023,14.375003,14.500012,287500,1.431935
1989-09-27,14.500012,14.625023,14.249992,14.500012,498700,1.431935
1989-09-26,14.500012,14.625023,14.500012,14.500012,151800,1.431935
1989-09-25,14.625023,14.625023,14.500012,14.500012,186900,1.431935
1989-09-22,14.750032,14.874975,14.500012,14.625023,160600,1.44428
1989-09-21,14.999985,14.999985,14.750032,14.874975,336100,1.468964
1989-09-20,14.625023,14.999985,14.625023,14.874975,375300,1.468964
1989-09-19,14.500012,14.750032,14.249992,14.750032,778900,1.456625
1989-09-18,14.124983,14.500012,14.124983,14.500012,132300,1.431935
1989-09-15,14.375003,14.500012,14.124983,14.124983,149800,1.394899
1989-09-14,14.625023,14.625023,14.249992,14.249992,153900,1.407244
1989-09-13,14.750032,14.999985,14.500012,14.500012,294900,1.431935
1989-09-12,14.500012,14.750032,14.500012,14.750032,568900,1.456625
1989-09-11,14.750032,14.874975,14.750032,14.874975,349600,1.468964
1989-09-08,14.750032,14.874975,14.625023,14.750032,198400,1.440827
1989-09-07,14.999985,14.999985,14.500012,14.874975,302400,1.453032
1989-09-06,15.124995,15.124995,14.874975,14.999985,223300,1.465243
1989-09-05,15.124995,15.250005,14.999985,14.999985,298900,1.465243
1989-09-01,14.999985,15.250005,14.999985,15.250005,375300,1.489666
1989-08-31,14.999985,15.250005,14.999985,14.999985,337500,1.465243
1989-08-30,14.500012,14.999985,14.375003,14.999985,965200,1.465243
1989-08-29,14.375003,14.500012,14.375003,14.375003,539200,1.404193
1989-08-28,14.500012,14.625023,14.375003,14.500012,703900,1.416404
1989-08-25,14.375003,14.500012,14.249992,14.375003,100500,1.404193
1989-08-24,14.375003,14.500012,14.249992,14.249992,124800,1.391982
1989-08-23,13.999972,14.500012,13.875031,14.375003,409000,1.404193
1989-08-22,14.249992,14.249992,13.875031,14.124983,124200,1.37977
1989-08-21,14.249992,14.500012,14.249992,14.249992,274600,1.391982
1989-08-18,14.375003,14.375003,14.124983,14.124983,120100,1.37977
1989-08-17,14.249992,14.375003,14.249992,14.375003,258400,1.404193
1989-08-16,14.500012,14.500012,14.249992,14.249992,76200,1.391982
1989-08-15,14.375003,14.500012,14.249992,14.375003,256500,1.404193
1989-08-14,14.249992,14.500012,14.249992,14.249992,192300,1.391982
1989-08-11,14.249992,14.375003,14.249992,14.375003,284100,1.404193
1989-08-10,14.249992,14.375003,14.124983,14.249992,188200,1.391982
1989-08-09,14.375003,14.500012,14.249992,14.249992,181500,1.391982
1989-08-08,14.249992,14.500012,13.999972,14.375003,265900,1.404193
1989-08-07,13.999972,14.375003,13.999972,14.249992,311100,1.391982
1989-08-04,13.875031,14.249992,13.875031,14.124983,386100,1.37977
1989-08-03,13.875031,13.999972,13.875031,13.875031,234100,1.355354
1989-08-02,13.875031,13.999972,13.75002,13.875031,336700,1.355354
1989-08-01,13.75002,13.875031,13.75002,13.75002,108000,1.343143
1989-07-31,13.875031,13.999972,13.75002,13.875031,113400,1.355354
1989-07-28,13.999972,14.124983,13.75002,13.875031,226000,1.355354
1989-07-27,13.875031,13.999972,13.875031,13.999972,115300,1.367559
1989-07-26,13.875031,13.875031,13.75002,13.875031,60000,1.355354
1989-07-25,13.875031,13.875031,13.625011,13.75002,352900,1.343143
1989-07-24,13.875031,13.999972,13.75002,13.875031,163900,1.355354
1989-07-21,14.249992,14.249992,13.875031,13.875031,238900,1.355354
1989-07-20,14.249992,14.375003,14.124983,14.124983,202500,1.37977
1989-07-19,13.999972,14.375003,13.999972,14.375003,1023300,1.404193
1989-07-18,13.875031,13.999972,13.625011,13.875031,199800,1.355354
1989-07-17,14.124983,14.249992,13.875031,13.875031,255100,1.355354
1989-07-14,14.249992,14.375003,14.124983,14.124983,101200,1.37977
1989-07-13,14.124983,14.375003,13.999972,14.375003,407700,1.404193
1989-07-12,14.375003,14.500012,14.124983,14.249992,74800,1.391982
1989-07-11,14.500012,14.500012,14.375003,14.500012,660700,1.416404
1989-07-10,14.375003,14.500012,14.375003,14.500012,205200,1.416404
1989-07-07,14.124983,14.625023,14.124983,14.500012,584500,1.416404
1989-07-06,13.999972,14.249992,13.999972,14.124983,582400,1.37977
1989-07-05,14.249992,14.249992,13.999972,13.999972,291600,1.367559
1989-07-03,14.249992,14.249992,14.124983,14.124983,255700,1.37977
1989-06-30,14.124983,14.249992,13.999972,14.249992,230100,1.391982
1989-06-29,14.625023,14.625023,14.124983,14.249992,760000,1.391982
1989-06-28,15.624968,15.749977,14.750032,14.874975,792400,1.453032
1989-06-27,15.375015,15.874988,15.375015,15.749977,459000,1.538505
1989-06-26,15.250005,15.500025,15.124995,15.375015,461700,1.501877
1989-06-23,15.250005,15.375015,15.124995,15.250005,629700,1.489666
1989-06-22,15.124995,15.375015,15.124995,15.375015,204400,1.501877
1989-06-21,15.250005,15.250005,14.999985,15.124995,371800,1.477454
1989-06-20,14.999985,15.124995,14.874975,15.124995,158500,1.477454
1989-06-19,14.874975,15.124995,14.874975,14.999985,134200,1.465243
1989-06-16,14.874975,15.124995,14.750032,14.999985,261900,1.465243
1989-06-15,14.999985,14.999985,14.874975,14.999985,268600,1.465243
1989-06-14,14.999985,15.124995,14.874975,15.124995,172000,1.477454
1989-06-13,14.874975,15.124995,14.750032,14.999985,508200,1.465243
1989-06-12,14.874975,14.874975,14.750032,14.874975,263200,1.453032
1989-06-09,14.874975,14.999985,14.625023,14.999985,435300,1.450592
1989-06-08,14.999985,15.124995,14.874975,14.999985,730300,1.450592
1989-06-07,14.625023,15.124995,14.500012,14.999985,855100,1.450592
1989-06-06,14.500012,14.750032,14.500012,14.625023,234100,1.414331
1989-06-05,14.249992,14.625023,14.249992,14.500012,1071100,1.402242
1989-06-02,13.999972,14.249992,13.999972,14.249992,344800,1.378063
1989-06-01,14.124983,14.249992,13.999972,14.124983,243600,1.365974
1989-05-31,14.124983,14.124983,13.999972,14.124983,319200,1.365974
1989-05-30,14.124983,14.124983,13.999972,14.124983,186300,1.365974
1989-05-26,13.999972,14.124983,13.999972,14.124983,137700,1.365974
1989-05-25,14.249992,14.375003,14.124983,14.249992,139600,1.378063
1989-05-24,14.249992,14.375003,14.124983,14.249992,635800,1.378063
1989-05-23,14.124983,14.249992,14.124983,14.249992,278100,1.378063
1989-05-22,14.375003,14.375003,14.124983,14.249992,325300,1.378063
1989-05-19,14.124983,14.249992,13.999972,14.124983,270000,1.365974
1989-05-18,13.999972,14.249992,13.875031,14.124983,1151500,1.365974
1989-05-17,13.999972,14.124983,13.999972,14.124983,754600,1.365974
1989-05-16,13.50,14.124983,13.50,14.124983,1516600,1.365974
1989-05-15,13.37499,13.50,13.24998,13.24998,467100,1.281356
1989-05-12,13.24998,13.37499,13.24998,13.24998,242200,1.281356
1989-05-11,13.24998,13.37499,13.24998,13.37499,236200,1.293445
1989-05-10,13.24998,13.37499,13.12497,13.24998,648000,1.281356
1989-05-09,13.24998,13.24998,13.12497,13.24998,92400,1.281356
1989-05-08,13.12497,13.24998,13.12497,13.24998,369900,1.281356
1989-05-05,13.24998,13.24998,13.000028,13.12497,536500,1.269267
1989-05-04,13.12497,13.24998,13.000028,13.12497,321300,1.269267
1989-05-03,13.37499,13.37499,13.12497,13.24998,189000,1.281356
1989-05-02,13.24998,13.50,13.24998,13.24998,419100,1.281356
1989-05-01,13.37499,13.37499,13.24998,13.37499,371800,1.293445
1989-04-28,13.37499,13.50,13.24998,13.37499,340200,1.293445
1989-04-27,13.50,13.625011,13.12497,13.24998,1039500,1.281356
1989-04-26,13.50,13.625011,13.37499,13.50,735000,1.305534
1989-04-25,13.50,13.50,13.24998,13.50,1012500,1.305534
1989-04-24,13.12497,13.50,13.12497,13.37499,1254700,1.293445
1989-04-21,13.000028,13.12497,12.875018,13.12497,1250700,1.269267
1989-04-20,12.750008,13.000028,12.750008,13.000028,906400,1.257184
1989-04-19,12.750008,12.875018,12.624998,12.750008,800500,1.233005
1989-04-18,12.624998,12.875018,12.499988,12.750008,1021200,1.233005
1989-04-17,12.624998,12.750008,12.499988,12.499988,771400,1.208827
1989-04-14,12.750008,12.750008,12.499988,12.624998,459000,1.220916
1989-04-13,12.624998,12.750008,12.499988,12.624998,2814000,1.220916
1989-04-12,12.624998,12.750008,12.624998,12.624998,426600,1.220916
1989-04-11,12.875018,12.875018,12.624998,12.624998,918600,1.220916
1989-04-10,12.750008,13.000028,12.750008,12.750008,409600,1.233005
1989-04-07,12.750008,12.875018,12.750008,12.750008,217300,1.233005
1989-04-06,12.875018,12.875018,12.750008,12.750008,364500,1.233005
1989-04-05,12.750008,12.875018,12.624998,12.750008,141700,1.233005
1989-04-04,12.750008,12.875018,12.624998,12.750008,176800,1.233005
1989-04-03,12.875018,13.000028,12.750008,12.875018,779500,1.245095
1989-03-31,12.750008,13.000028,12.750008,12.750008,235500,1.233005
1989-03-30,12.875018,13.000028,12.750008,12.750008,241600,1.233005
1989-03-29,13.000028,13.000028,12.875018,12.875018,103900,1.245095
1989-03-28,13.000028,13.000028,12.875018,12.875018,309100,1.245095
1989-03-27,12.750008,13.000028,12.750008,13.000028,369100,1.257184
1989-03-23,13.000028,13.000028,12.750008,12.750008,237600,1.233005
1989-03-22,13.000028,13.12497,12.875018,13.12497,409000,1.269267
1989-03-21,13.12497,13.24998,13.000028,13.12497,300300,1.269267
1989-03-20,13.000028,13.12497,12.875018,12.875018,223300,1.245095
1989-03-17,13.24998,13.24998,13.000028,13.000028,689800,1.257184
1989-03-16,13.24998,13.50,13.000028,13.24998,496000,1.281356
1989-03-15,13.24998,13.24998,13.12497,13.24998,448200,1.281356
1989-03-14,13.50,13.50,13.12497,13.24998,409000,1.281356
1989-03-13,13.24998,13.50,13.24998,13.50,604800,1.305534
1989-03-10,13.12497,13.75002,13.12497,13.50,2177500,1.29103
1989-03-09,13.24998,13.24998,13.12497,13.12497,689800,1.255165
1989-03-08,13.37499,13.37499,13.12497,13.37499,514300,1.279075
1989-03-07,13.24998,13.50,13.12497,13.37499,971200,1.279075
1989-03-06,12.875018,13.24998,12.875018,13.12497,187600,1.255165
1989-03-03,13.12497,13.12497,12.750008,12.750008,309100,1.219307
1989-03-02,13.000028,13.24998,13.000028,13.24998,483900,1.26712
1989-03-01,13.000028,13.12497,13.000028,13.12497,236800,1.255165
1989-02-28,12.875018,13.000028,12.750008,13.000028,1676700,1.243216
1989-02-27,12.624998,13.000028,12.374978,13.000028,891000,1.243216
1989-02-24,12.750008,12.875018,12.499988,12.499988,1022500,1.195397
1989-02-23,12.750008,12.875018,12.750008,12.750008,348300,1.219307
1989-02-22,12.875018,13.000028,12.750008,12.750008,247600,1.219307
1989-02-21,13.000028,13.12497,12.875018,12.875018,440700,1.231261
1989-02-17,12.875018,13.12497,12.750008,13.000028,719500,1.243216
1989-02-16,12.875018,13.000028,12.750008,12.750008,690400,1.219307
1989-02-15,13.24998,13.24998,12.750008,12.750008,1332400,1.219307
1989-02-14,13.24998,13.37499,13.24998,13.37499,1021900,1.279075
1989-02-13,13.12497,13.24998,13.12497,13.24998,438000,1.26712
1989-02-10,13.24998,13.24998,13.12497,13.24998,1127200,1.26712
1989-02-09,13.24998,13.37499,13.24998,13.24998,288100,1.26712
1989-02-08,13.000028,13.37499,13.000028,13.24998,799800,1.26712
1989-02-07,13.000028,13.37499,12.875018,13.12497,1175100,1.255165
1989-02-06,12.750008,13.000028,12.750008,13.000028,236800,1.243216
1989-02-03,13.000028,13.24998,12.750008,12.750008,520300,1.219307
1989-02-02,13.000028,13.24998,13.000028,13.12497,524400,1.255165
1989-02-01,13.24998,13.37499,13.000028,13.000028,390700,1.243216
1989-01-31,13.37499,13.50,13.12497,13.24998,521100,1.26712
1989-01-30,13.625011,13.875031,13.37499,13.37499,546700,1.279075
1989-01-27,13.625011,13.75002,13.24998,13.50,1190700,1.29103
1989-01-26,13.37499,13.75002,13.24998,13.50,385300,1.29103
1989-01-25,13.24998,13.50,13.24998,13.24998,469000,1.26712
1989-01-24,13.000028,13.37499,13.000028,13.24998,379300,1.26712
1989-01-23,13.000028,13.12497,12.875018,13.000028,556800,1.243216
1989-01-20,13.24998,13.37499,13.000028,13.24998,787000,1.26712
1989-01-19,13.24998,13.50,13.12497,13.12497,309700,1.255165
1989-01-18,13.12497,13.50,13.12497,13.37499,373900,1.279075
1989-01-17,13.24998,13.50,13.12497,13.24998,351600,1.26712
1989-01-16,13.50,13.625011,13.12497,13.24998,384700,1.26712
1989-01-13,13.24998,13.50,13.24998,13.37499,677700,1.279075
1989-01-12,13.000028,13.50,12.750008,13.37499,514900,1.279075
1989-01-11,12.875018,13.000028,12.750008,12.875018,197700,1.231261
1989-01-10,12.624998,13.000028,12.624998,12.750008,213900,1.219307
1989-01-09,12.750008,12.750008,12.249968,12.624998,1528200,1.207352
1989-01-06,12.875018,13.000028,12.750008,12.750008,255100,1.219307
1989-01-05,12.750008,13.37499,12.750008,12.875018,487300,1.231261
1989-01-04,12.624998,12.875018,12.624998,12.750008,402900,1.219307
1989-01-03,13.000028,13.000028,12.624998,12.624998,467100,1.207352
1988-12-30,13.000028,13.000028,12.875018,13.000028,284100,1.243216
1988-12-29,12.875018,13.000028,12.875018,12.875018,140400,1.231261
1988-12-28,13.12497,13.12497,12.875018,13.000028,208500,1.243216
1988-12-27,13.12497,13.12497,13.000028,13.000028,53200,1.243216
1988-12-23,12.875018,13.24998,12.875018,13.000028,112000,1.243216
1988-12-22,13.000028,13.12497,12.875018,12.875018,336100,1.231261
1988-12-21,13.24998,13.24998,13.000028,13.000028,230100,1.243216
1988-12-20,13.12497,13.37499,13.12497,13.24998,300300,1.26712
1988-12-19,13.37499,13.625011,13.24998,13.24998,600000,1.26712
1988-12-16,13.000028,13.24998,13.000028,13.24998,712800,1.26712
1988-12-15,13.12497,13.50,13.000028,13.000028,307000,1.243216
1988-12-14,13.24998,13.37499,13.12497,13.12497,282700,1.255165
1988-12-13,12.750008,13.24998,12.750008,13.24998,494700,1.26712
1988-12-12,13.999972,13.999972,13.75002,13.875031,370500,1.326895
1988-12-09,13.75002,14.124983,13.75002,13.999972,706000,1.338843
1988-12-08,13.875031,13.875031,13.50,13.625011,550800,1.302985
1988-12-07,13.625011,13.999972,13.625011,13.999972,340800,1.338843
1988-12-06,14.124983,14.124983,13.625011,13.625011,486600,1.302985
1988-12-05,13.875031,14.124983,13.875031,13.999972,720900,1.338843
1988-12-02,13.625011,13.875031,13.24998,13.875031,600000,1.312551
1988-12-01,14.500012,14.500012,13.75002,13.75002,257800,1.300726
1988-11-30,14.500012,14.625023,14.500012,14.625023,166000,1.383499
1988-11-29,14.249992,14.625023,14.249992,14.500012,78900,1.371673
1988-11-28,14.249992,14.500012,14.249992,14.375003,121500,1.359848
1988-11-25,14.249992,14.375003,14.124983,14.249992,157900,1.348022
1988-11-23,14.124983,14.500012,13.999972,14.375003,622300,1.359848
1988-11-22,13.999972,14.124983,13.875031,13.999972,408300,1.324371
1988-11-21,13.75002,13.999972,13.75002,13.999972,445500,1.324371
1988-11-18,14.249992,14.375003,13.999972,13.999972,508900,1.324371
1988-11-17,13.50,14.124983,13.50,14.124983,382000,1.336196
1988-11-16,13.75002,13.75002,13.37499,13.50,598600,1.277074
1988-11-15,13.75002,13.875031,13.625011,13.75002,280000,1.300726
1988-11-14,13.50,13.999972,13.50,13.875031,261100,1.312551
1988-11-11,13.50,13.625011,13.37499,13.37499,143100,1.265248
1988-11-10,13.50,13.875031,13.50,13.75002,217900,1.300726
1988-11-09,13.875031,13.875031,13.625011,13.625011,99900,1.2889
1988-11-08,13.625011,13.875031,13.625011,13.75002,247600,1.300726
1988-11-07,13.75002,13.75002,13.50,13.625011,217900,1.2889
1988-11-04,13.50,13.875031,13.50,13.875031,627700,1.312551
1988-11-03,13.37499,13.75002,13.37499,13.625011,1336500,1.2889
1988-11-02,13.50,13.625011,13.50,13.50,608800,1.277074
1988-11-01,13.625011,13.625011,13.50,13.50,236800,1.277074
1988-10-31,13.625011,13.75002,13.50,13.625011,138300,1.2889
1988-10-28,13.625011,13.875031,13.50,13.75002,107200,1.300726
1988-10-27,13.50,13.625011,13.37499,13.50,171400,1.277074
1988-10-26,13.875031,13.875031,13.50,13.75002,328000,1.300726
1988-10-25,13.875031,13.999972,13.75002,13.75002,81000,1.300726
1988-10-24,13.625011,13.999972,13.50,13.875031,240900,1.312551
1988-10-21,13.37499,13.75002,13.37499,13.625011,65400,1.2889
1988-10-20,13.50,13.625011,13.37499,13.625011,64000,1.2889
1988-10-19,13.37499,13.50,13.37499,13.50,125500,1.277074
1988-10-18,13.12497,13.50,13.12497,13.50,303000,1.277074
1988-10-17,13.50,13.50,13.37499,13.37499,246300,1.265248
1988-10-14,13.625011,13.75002,13.12497,13.37499,395500,1.265248
1988-10-13,13.000028,13.75002,13.000028,13.625011,549400,1.2889
1988-10-12,13.50,13.50,13.000028,13.12497,432000,1.241597
1988-10-11,13.24998,13.50,13.24998,13.50,303000,1.277074
1988-10-10,13.50,13.50,13.24998,13.24998,556200,1.253423
1988-10-07,13.24998,13.625011,13.24998,13.625011,294900,1.2889
1988-10-06,13.50,13.50,13.24998,13.24998,280000,1.253423
1988-10-05,13.75002,13.75002,13.37499,13.50,162600,1.277074
1988-10-04,13.24998,13.625011,13.24998,13.625011,94500,1.2889
1988-10-03,13.37499,13.50,13.12497,13.50,363100,1.277074
1988-09-30,13.24998,13.37499,13.12497,13.24998,452800,1.253423
1988-09-29,13.12497,13.37499,13.000028,13.24998,822100,1.253423
1988-09-28,13.12497,13.37499,13.000028,13.24998,215200,1.253423
1988-09-27,13.37499,13.37499,13.12497,13.24998,71500,1.253423
1988-09-26,13.24998,13.37499,13.12497,13.37499,182800,1.265248
1988-09-23,13.37499,13.37499,13.000028,13.24998,656100,1.253423
1988-09-22,13.50,13.625011,13.24998,13.37499,504900,1.265248
1988-09-21,13.625011,13.75002,13.50,13.75002,64800,1.300726
1988-09-20,13.625011,13.75002,13.50,13.75002,126100,1.300726
1988-09-19,14.124983,14.124983,13.75002,13.75002,98500,1.300726
1988-09-16,13.999972,14.124983,13.75002,14.124983,186300,1.336196
1988-09-15,13.75002,14.124983,13.625011,13.875031,391500,1.312551
1988-09-14,13.875031,13.999972,13.50,13.875031,390700,1.312551
1988-09-13,13.625011,13.999972,13.625011,13.999972,117400,1.324371
1988-09-12,13.75002,13.875031,13.625011,13.625011,275400,1.2889
1988-09-09,13.999972,14.124983,13.875031,13.999972,104500,1.310182
1988-09-08,13.875031,13.999972,13.75002,13.999972,97800,1.310182
1988-09-07,13.625011,13.75002,13.625011,13.75002,394800,1.28679
1988-09-06,14.249992,14.249992,13.75002,13.75002,278700,1.28679
1988-09-02,13.875031,14.375003,13.875031,14.124983,220000,1.321881
1988-09-01,13.875031,13.875031,13.75002,13.75002,335400,1.28679
1988-08-31,13.75002,13.875031,13.75002,13.875031,264600,1.29849
1988-08-30,13.625011,13.875031,13.625011,13.75002,373200,1.28679
1988-08-29,13.75002,13.75002,13.50,13.75002,464400,1.28679
1988-08-26,13.625011,13.75002,13.50,13.625011,345600,1.275092
1988-08-25,13.50,13.75002,13.50,13.625011,433300,1.275092
1988-08-24,13.37499,13.75002,13.37499,13.50,392100,1.263392
1988-08-23,13.625011,13.875031,13.37499,13.50,195000,1.263392
1988-08-22,13.625011,13.75002,13.50,13.75002,189000,1.28679
1988-08-19,13.12497,13.75002,13.12497,13.625011,178200,1.275092
1988-08-18,12.750008,13.24998,12.499988,13.24998,901000,1.239994
1988-08-17,13.24998,13.24998,12.624998,12.875018,317200,1.204904
1988-08-16,13.50,13.50,13.12497,13.24998,207100,1.239994
1988-08-15,13.625011,13.625011,13.50,13.50,131500,1.263392
1988-08-12,13.37499,13.625011,13.37499,13.625011,294900,1.275092
1988-08-11,13.50,13.75002,13.37499,13.625011,375300,1.275092
1988-08-10,14.375003,14.375003,13.37499,13.50,618300,1.263392
1988-08-09,14.500012,14.500012,14.124983,14.375003,452200,1.345279
1988-08-08,14.500012,14.750032,14.500012,14.625023,292900,1.368677
1988-08-05,14.750032,14.750032,14.500012,14.500012,268600,1.356978
1988-08-04,14.625023,14.750032,14.625023,14.750032,271300,1.380376
1988-08-03,14.750032,14.874975,14.500012,14.750032,232200,1.380376
1988-08-02,14.750032,14.999985,14.625023,14.874975,209200,1.392069
1988-08-01,14.625023,14.750032,14.375003,14.750032,300300,1.380376
1988-07-29,14.625023,14.874975,14.500012,14.500012,295600,1.356978
1988-07-28,14.625023,14.625023,14.375003,14.500012,364500,1.356978
1988-07-27,14.500012,14.625023,14.249992,14.500012,260500,1.356978
1988-07-26,14.375003,14.625023,14.375003,14.500012,182800,1.356978
1988-07-25,14.124983,14.500012,14.124983,14.500012,398200,1.356978
1988-07-22,14.124983,14.249992,13.999972,13.999972,267300,1.310182
1988-07-21,14.375003,14.375003,14.124983,14.249992,159300,1.33358
1988-07-20,14.124983,14.500012,14.124983,14.500012,622300,1.356978
1988-07-19,14.625023,14.625023,14.124983,14.249992,143700,1.33358
1988-07-18,14.750032,14.750032,14.500012,14.500012,173400,1.356978
1988-07-15,14.874975,14.874975,14.375003,14.750032,321900,1.380376
1988-07-14,14.750032,14.874975,14.375003,14.625023,181500,1.368677
1988-07-13,14.874975,14.999985,14.625023,14.750032,289500,1.380376
1988-07-12,14.999985,14.999985,14.874975,14.874975,202500,1.392069
1988-07-11,15.250005,15.375015,15.124995,15.124995,69400,1.415467
1988-07-08,15.124995,15.500025,14.750032,15.375015,408300,1.438865
1988-07-07,15.250005,15.250005,14.874975,15.124995,143700,1.415467
1988-07-06,15.624968,15.749977,14.999985,15.250005,218700,1.427166
1988-07-05,15.749977,15.749977,15.500025,15.624968,103200,1.462257
1988-07-01,15.749977,15.749977,15.375015,15.624968,328000,1.462257
1988-06-30,15.749977,15.874988,15.500025,15.749977,333400,1.473956
1988-06-29,15.749977,15.749977,15.500025,15.500025,486000,1.450564
1988-06-28,15.749977,15.999997,15.500025,15.749977,159300,1.473956
1988-06-27,15.749977,15.874988,15.624968,15.749977,82900,1.473956
1988-06-24,15.624968,15.874988,15.500025,15.874988,224700,1.485655
1988-06-23,15.624968,15.624968,15.500025,15.624968,332100,1.462257
1988-06-22,15.749977,15.874988,15.500025,15.500025,481900,1.450564
1988-06-21,15.624968,15.999997,15.500025,15.749977,314500,1.473956
1988-06-20,15.624968,15.874988,15.500025,15.874988,120700,1.485655
1988-06-17,15.999997,15.999997,15.624968,15.624968,184900,1.462257
1988-06-16,15.874988,15.999997,15.624968,15.624968,346900,1.462257
1988-06-15,15.874988,15.999997,15.624968,15.874988,197700,1.485655
1988-06-14,15.375015,16.125008,15.375015,16.125008,502200,1.509053
1988-06-13,15.749977,15.749977,15.500025,15.500025,64000,1.450564
1988-06-10,15.375015,15.749977,15.375015,15.624968,363700,1.462257
1988-06-09,15.874988,15.874988,15.500025,15.500025,102600,1.436528
1988-06-08,15.250005,15.999997,15.250005,15.874988,392100,1.471279
1988-06-07,15.375015,15.375015,15.124995,15.375015,259800,1.424942
1988-06-06,15.624968,15.624968,15.375015,15.500025,97200,1.436528
1988-06-03,15.124995,15.624968,15.124995,15.500025,95100,1.436528
1988-06-02,15.749977,15.749977,15.124995,15.124995,260500,1.40177
1988-06-01,15.250005,15.874988,15.250005,15.874988,228100,1.471279
1988-05-31,15.375015,15.500025,15.124995,15.250005,181500,1.413356
1988-05-27,15.250005,15.375015,15.250005,15.250005,50500,1.413356
1988-05-26,15.500025,15.500025,14.999985,15.375015,437400,1.424942
1988-05-25,15.500025,15.874988,15.375015,15.500025,142300,1.436528
1988-05-24,15.375015,15.500025,15.250005,15.375015,201700,1.424942
1988-05-23,15.250005,15.624968,15.124995,15.624968,121500,1.448107
1988-05-20,15.500025,15.500025,15.375015,15.375015,123400,1.424942
1988-05-19,14.999985,15.500025,14.999985,15.375015,74200,1.424942
1988-05-18,15.624968,15.749977,15.124995,15.250005,296200,1.413356
1988-05-17,15.999997,16.499969,15.749977,15.749977,508200,1.459693
1988-05-16,15.749977,15.999997,15.624968,15.999997,190300,1.482865
1988-05-13,15.124995,15.874988,15.124995,15.749977,361800,1.459693
1988-05-12,15.500025,15.500025,15.124995,15.124995,321300,1.40177
1988-05-11,15.250005,15.500025,14.999985,15.500025,476500,1.436528
1988-05-10,15.624968,15.624968,15.375015,15.500025,244300,1.436528
1988-05-09,15.749977,15.874988,15.250005,15.250005,325300,1.413356
1988-05-06,15.749977,15.874988,15.624968,15.749977,582400,1.459693
1988-05-05,15.375015,15.500025,14.999985,15.375015,226800,1.424942
1988-05-04,15.624968,15.749977,14.999985,15.375015,527100,1.424942
1988-05-03,15.874988,16.125008,15.624968,15.874988,94500,1.471279
1988-05-02,15.999997,15.999997,15.624968,15.749977,259800,1.459693
1988-04-29,15.749977,16.250017,15.749977,15.999997,270600,1.482865
1988-04-28,15.874988,15.874988,15.624968,15.624968,142300,1.448107
1988-04-27,16.250017,16.250017,15.749977,15.749977,182800,1.459693
1988-04-26,15.874988,16.250017,15.749977,16.125008,227400,1.494451
1988-04-25,15.999997,15.999997,15.749977,15.749977,182800,1.459693
1988-04-22,15.874988,15.874988,15.749977,15.749977,75600,1.459693
1988-04-21,15.500025,15.999997,15.500025,15.749977,260500,1.459693
1988-04-20,16.125008,16.125008,15.124995,15.624968,233500,1.448107
1988-04-19,16.250017,16.375028,16.125008,16.125008,152500,1.494451
1988-04-18,16.250017,16.62498,16.125008,16.125008,217900,1.494451
1988-04-15,15.999997,16.375028,15.874988,16.125008,289500,1.494451
1988-04-14,16.749989,16.875,16.125008,16.125008,324600,1.494451
1988-04-13,17.000011,17.12502,16.875,17.000011,486000,1.575545
1988-04-12,17.12502,17.12502,16.749989,17.000011,614200,1.575545
1988-04-11,17.250031,17.250031,16.749989,17.000011,431200,1.575545
1988-04-08,16.375028,17.12502,16.375028,17.12502,741700,1.587131
1988-04-07,16.250017,16.62498,16.125008,16.375028,348900,1.517622
1988-04-06,16.250017,16.62498,15.999997,16.499969,357700,1.529202
1988-04-05,16.250017,16.62498,15.999997,16.375028,249000,1.517622
1988-04-04,16.749989,16.749989,16.250017,16.499969,438000,1.529202
1988-03-31,15.999997,16.749989,15.874988,16.62498,332100,1.540788
1988-03-30,16.875,17.000011,16.250017,16.250017,132900,1.506036
1988-03-29,16.875,17.12502,16.62498,16.749989,249000,1.552373
1988-03-28,17.000011,17.12502,16.62498,16.875,569700,1.563959
1988-03-25,17.000011,17.12502,16.875,17.000011,371800,1.575545
1988-03-24,16.749989,17.12502,16.62498,17.12502,270600,1.587131
1988-03-23,16.875,17.12502,16.749989,16.749989,507600,1.552373
1988-03-22,16.875,17.000011,16.749989,16.875,112000,1.563959
1988-03-21,17.000011,17.12502,16.749989,16.875,293500,1.563959
1988-03-18,17.374972,17.374972,17.000011,17.000011,385300,1.575545
1988-03-17,17.250031,17.250031,17.000011,17.12502,488700,1.587131
1988-03-16,16.499969,17.250031,16.499969,17.12502,262500,1.587131
1988-03-15,16.499969,16.62498,16.499969,16.499969,224700,1.529202
1988-03-14,16.250017,16.499969,15.999997,16.499969,314500,1.529202
1988-03-11,16.499969,16.62498,16.250017,16.62498,392800,1.540788
1988-03-10,16.875,17.000011,16.499969,16.749989,691800,1.538473
1988-03-09,17.12502,17.250031,17.000011,17.000011,857800,1.561437
1988-03-08,16.749989,17.12502,16.749989,17.12502,878100,1.572919
1988-03-07,16.62498,16.749989,16.499969,16.62498,362400,1.526991
1988-03-04,16.62498,16.749989,16.375028,16.62498,375300,1.526991
1988-03-03,16.749989,16.749989,16.499969,16.62498,129600,1.526991
1988-03-02,16.250017,16.749989,16.250017,16.62498,321900,1.526991
1988-03-01,16.499969,16.499969,16.250017,16.375028,665500,1.504033
1988-02-29,16.250017,16.62498,16.125008,16.62498,477900,1.526991
1988-02-26,15.999997,16.375028,15.999997,16.125008,988200,1.481069
1988-02-25,16.250017,16.375028,15.749977,15.999997,1094800,1.469587
1988-02-24,16.375028,16.375028,15.874988,16.125008,424500,1.481069
1988-02-23,16.62498,16.62498,16.125008,16.375028,392100,1.504033
1988-02-22,16.499969,16.749989,16.125008,16.499969,759300,1.515509
1988-02-19,15.874988,16.499969,15.874988,16.125008,822700,1.481069
1988-02-18,15.500025,15.749977,15.500025,15.500025,508900,1.423665
1988-02-17,15.375015,15.624968,15.375015,15.624968,594600,1.435141
1988-02-16,15.250005,15.500025,15.250005,15.500025,541300,1.423665
1988-02-12,14.999985,15.375015,14.999985,15.375015,536500,1.412183
1988-02-11,14.999985,15.124995,14.999985,14.999985,316500,1.377736
1988-02-10,14.874975,15.124995,14.874975,14.999985,353700,1.377736
1988-02-09,14.750032,14.999985,14.750032,14.874975,791700,1.366254
1988-02-08,14.750032,14.999985,14.625023,14.750032,220000,1.354778
1988-02-05,14.999985,15.250005,14.625023,14.625023,373900,1.343296
1988-02-04,15.250005,15.250005,14.999985,14.999985,479200,1.377736
1988-02-03,15.375015,15.624968,15.124995,15.250005,310500,1.400701
1988-02-02,15.124995,15.500025,14.999985,15.250005,432000,1.400701
1988-02-01,14.999985,15.375015,14.999985,15.124995,386100,1.389219
1988-01-29,14.625023,14.874975,14.625023,14.874975,51300,1.366254
1988-01-28,14.500012,14.999985,14.500012,14.625023,859900,1.343296
1988-01-27,14.500012,14.625023,14.500012,14.625023,166600,1.343296
1988-01-26,14.375003,14.500012,14.249992,14.500012,172800,1.331814
1988-01-25,14.249992,14.500012,14.124983,14.500012,396100,1.331814
1988-01-22,14.249992,14.500012,14.249992,14.249992,379300,1.30885
1988-01-21,13.75002,14.124983,13.75002,14.124983,280800,1.297368
1988-01-20,14.375003,14.375003,13.625011,13.875031,681000,1.27441
1988-01-19,14.375003,14.375003,14.249992,14.375003,62700,1.320332
1988-01-18,14.249992,14.500012,14.124983,14.375003,325300,1.320332
1988-01-15,14.999985,14.999985,14.249992,14.249992,410400,1.30885
1988-01-14,14.249992,14.375003,13.999972,14.249992,1665100,1.30885
1988-01-13,14.124983,14.249992,13.999972,14.124983,61300,1.297368
1988-01-12,14.500012,14.500012,14.124983,14.124983,190900,1.297368
1988-01-11,14.249992,14.500012,13.999972,14.375003,355000,1.320332
1988-01-08,14.750032,14.750032,14.375003,14.500012,803800,1.331814
1988-01-07,14.750032,14.874975,14.500012,14.750032,181500,1.354778
1988-01-06,14.750032,14.874975,14.625023,14.750032,551400,1.354778
1988-01-05,14.625023,14.874975,14.375003,14.874975,714700,1.366254
1988-01-04,14.249992,15.124995,14.124983,14.625023,808600,1.343296
1987-12-31,14.249992,14.500012,13.999972,14.124983,170100,1.297368
1987-12-30,13.999972,14.500012,13.999972,14.500012,260500,1.331814
1987-12-29,13.875031,14.249992,13.75002,14.249992,124800,1.30885
1987-12-28,14.249992,14.249992,13.75002,13.999972,135000,1.285886
1987-12-24,14.500012,14.874975,14.375003,14.500012,314500,1.331814
1987-12-23,14.124983,14.500012,14.124983,14.500012,1210200,1.331814
1987-12-22,14.249992,14.375003,13.875031,13.875031,210600,1.27441
1987-12-21,14.375003,14.375003,13.875031,14.124983,432600,1.297368
1987-12-18,14.375003,14.750032,14.249992,14.249992,505500,1.30885
1987-12-17,14.124983,14.375003,13.875031,14.249992,776200,1.30885
1987-12-16,13.875031,14.249992,13.875031,14.249992,217900,1.30885
1987-12-15,14.500012,14.625023,13.75002,13.75002,558100,1.262928
1987-12-14,13.75002,14.500012,13.75002,14.500012,708700,1.331814
1987-12-11,13.625011,13.75002,13.50,13.50,294300,1.239964
1987-12-10,13.625011,13.999972,13.37499,13.625011,315900,1.251446
1987-12-09,13.24998,13.875031,13.24998,13.875031,232200,1.260634
1987-12-08,13.12497,13.50,13.000028,13.37499,265900,1.215202
1987-12-07,12.374978,13.12497,12.249968,13.000028,329400,1.181135
1987-12-04,12.374978,12.624998,12.125025,12.499988,487900,1.135703
1987-12-03,12.875018,12.875018,12.374978,12.499988,126100,1.135703
1987-12-02,12.875018,12.875018,12.374978,12.875018,477100,1.169777
1987-12-01,13.000028,13.000028,12.624998,12.750008,190900,1.158419
1987-11-30,13.000028,13.000028,12.499988,12.875018,401500,1.169777
1987-11-27,13.625011,13.75002,13.000028,13.24998,897700,1.203844
1987-11-25,12.750008,13.875031,12.750008,13.875031,221400,1.260634
1987-11-24,12.499988,12.875018,12.499988,12.624998,375900,1.147061
1987-11-23,12.624998,12.624998,12.374978,12.374978,591900,1.124345
1987-11-20,12.499988,12.499988,12.125025,12.499988,254400,1.135703
1987-11-19,25.124985,25.500015,24.999975,24.999975,700600,1.135703
1987-11-18,24.999975,25.249995,24.999975,25.124985,672300,1.141382
1987-11-17,25.124985,25.249995,24.749955,24.874965,261900,1.130024
1987-11-16,25.750035,25.750035,25.249995,25.249995,427900,1.147061
1987-11-13,25.249995,25.625025,25.124985,25.625025,630400,1.164098
1987-11-12,25.750035,25.875045,25.249995,25.249995,387400,1.147061
1987-11-11,24.999975,25.375005,24.999975,24.999975,140400,1.135703
1987-11-10,25.500015,25.500015,24.999975,24.999975,297000,1.135703
1987-11-09,25.750035,25.750035,25.375005,25.625025,303700,1.164098
1987-11-06,25.500015,26.125064,25.375005,26.000055,163300,1.181135
1987-11-05,24.999975,25.625025,24.999975,25.500015,399600,1.158419
1987-11-04,25.375005,25.375005,24.999975,25.249995,444100,1.147061
1987-11-03,26.624969,26.74998,25.750035,25.875045,220000,1.175456
1987-11-02,26.74998,26.874989,26.374949,26.874989,221400,1.220881
1987-10-30,25.750035,26.74998,25.750035,26.74998,395500,1.215202
1987-10-29,24.37506,25.375005,24.000031,25.249995,689800,1.147061
1987-10-28,24.874965,24.874965,24.12504,24.12504,297000,1.095956
1987-10-27,25.249995,25.750035,24.874965,24.999975,492700,1.135703
1987-10-26,26.000055,26.000055,24.12504,24.999975,502200,1.135703
1987-10-23,26.874989,27.00,25.750035,26.000055,305100,1.181135
1987-10-22,27.50004,27.874936,26.74998,26.74998,1182600,1.215202
1987-10-21,25.750035,27.999945,25.750035,27.250022,1112400,1.237918
1987-10-20,26.000055,26.74998,24.000031,24.874965,1128600,1.130024
1987-10-19,27.50004,27.999945,26.000055,26.24994,1336500,1.192487
1987-10-16,35.249985,35.374994,32.875064,32.999938,631800,1.499127
1987-10-15,37.250009,37.250009,35.875034,35.875034,3829900,1.629737
1987-10-14,37.750049,37.750049,37.375022,37.375022,280800,1.697879
1987-10-13,37.999936,37.999936,37.750049,37.750049,275400,1.714915
1987-10-12,38.124945,38.249954,37.999936,37.999936,846400,1.726267
1987-10-09,38.499975,38.499975,38.124945,38.124945,306400,1.731946
1987-10-08,38.374966,38.499975,38.124945,38.499975,596700,1.748983
1987-10-07,38.499975,38.499975,37.999936,38.249954,614200,1.737625
1987-10-06,39.000015,39.125025,38.499975,38.499975,201100,1.748983
1987-10-05,39.000015,39.375046,39.000015,39.250034,245700,1.783057
1987-10-02,38.749994,39.000015,38.624985,38.624985,105300,1.754662
1987-10-01,38.499975,38.749994,38.124945,38.749994,297000,1.760341
1987-09-30,37.62504,38.249954,37.62504,38.249954,182200,1.737625
1987-09-29,37.125,37.500031,37.125,37.375022,129600,1.697879
1987-09-28,37.250009,37.375022,36.999991,37.125,249700,1.68652
1987-09-25,36.749969,36.999991,36.749969,36.874978,129600,1.675162
1987-09-24,36.000046,37.125,36.000046,36.999991,448200,1.680842
1987-09-23,35.750025,36.250064,35.750025,36.250064,193000,1.646774
1987-09-22,35.750025,35.750025,35.500006,35.750025,126900,1.624058
1987-09-21,35.750025,35.750025,35.500006,35.750025,349600,1.624058
1987-09-18,35.500006,35.750025,35.500006,35.625015,313200,1.618379
1987-09-17,35.625015,35.875034,35.500006,35.500006,201100,1.6127
1987-09-16,35.500006,35.750025,35.500006,35.500006,396900,1.6127
1987-09-15,35.625015,35.750025,35.500006,35.500006,175500,1.6127
1987-09-14,35.500006,35.750025,35.500006,35.750025,132300,1.624058
1987-09-11,35.875034,35.875034,35.500006,35.625015,172800,1.618379
1987-09-10,35.750025,36.000046,35.500006,35.750025,301000,1.624058
1987-09-09,35.500006,35.750025,35.500006,35.500006,635800,1.601342
1987-09-08,35.750025,35.750025,35.500006,35.500006,315900,1.601342
1987-09-04,35.374994,35.875034,35.249985,35.750025,216000,1.61262
1987-09-03,35.500006,35.750025,35.124975,35.249985,189000,1.590064
1987-09-02,36.000046,36.250064,34.874954,35.500006,515700,1.601342
1987-09-01,36.62496,36.749969,36.250064,36.250064,279400,1.635176
1987-08-31,36.499951,36.62496,36.499951,36.62496,130900,1.652087
1987-08-28,36.62496,36.749969,36.000046,36.499951,245700,1.646448
1987-08-27,36.62496,36.62496,36.62496,36.62496,72900,1.652087
1987-08-26,36.62496,36.749969,36.62496,36.749969,155200,1.657726
1987-08-25,36.62496,36.874978,36.62496,36.62496,186300,1.652087
1987-08-24,36.749969,36.999991,36.62496,36.62496,446800,1.652087
1987-08-21,36.749969,36.874978,36.62496,36.749969,584500,1.657726
1987-08-20,36.250064,36.749969,36.250064,36.499951,662800,1.646448
1987-08-19,36.499951,36.499951,36.250064,36.374938,48600,1.640809
1987-08-18,37.250009,37.250009,36.499951,36.62496,229500,1.652087
1987-08-17,37.125,37.500031,37.125,37.500031,1027300,1.69156
1987-08-14,37.250009,37.375022,37.125,37.250009,272700,1.680281
1987-08-13,37.125,37.500031,37.125,37.250009,810000,1.680281
1987-08-12,37.375022,37.999936,37.125,37.375022,1258200,1.685921
1987-08-11,36.62496,37.500031,36.62496,37.375022,884200,1.685921
1987-08-10,36.749969,36.874978,36.62496,36.749969,199800,1.657726
1987-08-07,36.749969,36.874978,36.499951,36.749969,495400,1.657726
1987-08-06,36.374938,36.749969,36.374938,36.62496,355000,1.652087
1987-08-05,36.374938,36.374938,36.250064,36.250064,792400,1.635176
1987-08-04,36.125055,36.499951,36.125055,36.374938,205200,1.640809
1987-08-03,36.000046,36.499951,36.000046,36.250064,182200,1.635176
1987-07-31,36.250064,36.374938,36.000046,36.250064,405000,1.635176
1987-07-30,35.625015,36.000046,35.625015,36.000046,282100,1.623898
1987-07-29,34.874954,35.500006,34.874954,35.500006,148500,1.601342
1987-07-28,34.000022,35.124975,34.000022,34.874954,931500,1.573147
1987-07-27,33.499978,34.25004,33.499978,34.125031,839700,1.539319
1987-07-24,33.24996,33.499978,32.999938,33.499978,1232500,1.511124
1987-07-23,33.374969,33.624991,33.374969,33.374969,63400,1.505485
1987-07-22,33.374969,33.499978,33.24996,33.499978,58000,1.511124
1987-07-21,33.624991,33.875009,33.499978,33.499978,418500,1.511124
1987-07-20,33.875009,34.624936,33.75,33.75,1992600,1.522402
1987-07-17,33.374969,34.25004,33.374969,34.125031,938200,1.539319
1987-07-16,33.24996,33.624991,33.24996,33.499978,577800,1.511124
1987-07-15,33.24996,33.499978,33.24996,33.374969,171400,1.505485
1987-07-14,33.124951,33.374969,32.999938,33.24996,1756300,1.499846
1987-07-13,33.499978,33.624991,33.24996,33.24996,446800,1.499846
1987-07-10,32.999938,33.499978,32.875064,33.499978,184900,1.511124
1987-07-09,33.124951,33.24996,32.999938,32.999938,81000,1.488568
1987-07-08,32.625046,32.999938,32.625046,32.999938,83700,1.488568
1987-07-07,32.750055,32.750055,32.625046,32.625046,106600,1.471658
1987-07-06,32.999938,33.24996,32.500034,32.500034,503500,1.466019
1987-07-02,32.375025,32.999938,32.375025,32.999938,437400,1.488568
1987-07-01,32.625046,32.875064,32.250015,32.250015,437400,1.454741
1987-06-30,32.750055,32.999938,32.375025,32.375025,1142100,1.46038
1987-06-29,32.750055,32.999938,32.625046,32.750055,279400,1.477297
1987-06-26,32.750055,33.124951,32.625046,32.875064,298300,1.482936
1987-06-25,32.750055,32.999938,32.750055,32.999938,356400,1.488568
1987-06-24,32.500034,32.625046,32.250015,32.500034,421200,1.466019
1987-06-23,32.375025,32.500034,32.125006,32.250015,292900,1.454741
1987-06-22,32.250015,32.375025,31.999994,32.125006,217300,1.449102
1987-06-19,31.999994,32.250015,31.874985,32.250015,256500,1.454741
1987-06-18,31.749975,32.125006,31.749975,31.999994,311800,1.443463
1987-06-17,31.374945,31.999994,31.374945,31.874985,557500,1.437824
1987-06-16,31.624966,31.749975,31.499954,31.499954,452200,1.420907
1987-06-15,31.874985,32.125006,31.624966,31.749975,94500,1.432185
1987-06-12,31.874985,31.999994,31.749975,31.999994,63400,1.443463
1987-06-11,31.874985,32.250015,31.749975,31.874985,849100,1.437824
1987-06-10,31.874985,32.375025,31.624966,31.874985,421200,1.437824
1987-06-09,32.500034,32.500034,31.999994,32.375025,145800,1.449102
1987-06-08,31.999994,32.500034,31.874985,32.500034,152500,1.454697
1987-06-05,31.999994,32.250015,31.874985,32.250015,94500,1.443506
1987-06-04,32.250015,32.250015,31.749975,31.999994,128200,1.432315
1987-06-03,31.999994,32.125006,31.874985,31.999994,79600,1.432315
1987-06-02,31.499954,31.874985,31.499954,31.749975,126900,1.421125
1987-06-01,31.499954,31.749975,31.374945,31.499954,322600,1.409934
1987-05-29,31.249936,32.125006,31.249936,31.749975,472500,1.421125
1987-05-28,31.000049,31.125062,31.000049,31.125062,261900,1.393154
1987-05-27,31.125062,31.249936,31.000049,31.000049,369900,1.387558
1987-05-26,30.87504,31.125062,30.87504,31.125062,72900,1.393154
1987-05-22,31.000049,31.000049,30.625022,30.625022,502200,1.370772
1987-05-21,30.750031,31.000049,30.625022,30.750031,183600,1.376367
1987-05-20,30.500009,31.000049,30.500009,31.000049,114700,1.387558
1987-05-19,30.375,31.000049,30.375,30.500009,411700,1.365176
1987-05-18,30.375,30.375,29.999969,30.375,592600,1.359581
1987-05-15,30.375,30.375,29.87496,30.249991,645300,1.353986
1987-05-14,30.625022,30.625022,30.249991,30.375,244300,1.359581
1987-05-13,31.000049,31.000049,30.124978,30.750031,294300,1.376367
1987-05-12,31.249936,31.374945,31.000049,31.125062,97200,1.393154
1987-05-11,31.125062,31.874985,31.125062,31.499954,148500,1.409934
1987-05-08,31.499954,31.749975,30.625022,31.249936,152500,1.398743
1987-05-07,31.749975,31.749975,31.374945,31.374945,47200,1.404338
1987-05-06,31.749975,31.999994,31.624966,31.624966,278100,1.415529
1987-05-05,31.874985,31.999994,31.749975,31.749975,121500,1.421125
1987-05-04,31.624966,31.874985,31.499954,31.874985,203800,1.42672
1987-05-01,31.999994,31.999994,31.624966,31.624966,267300,1.415529
1987-04-30,31.749975,31.999994,31.624966,31.999994,170100,1.432315
1987-04-29,31.999994,31.999994,31.624966,31.749975,234900,1.421125
1987-04-28,31.499954,32.125006,31.499954,31.749975,804600,1.421125
1987-04-27,31.499954,31.874985,31.374945,31.749975,990900,1.421125
1987-04-24,31.874985,31.999994,31.624966,31.624966,198400,1.415529
1987-04-23,32.250015,32.500034,31.999994,32.125006,490000,1.437911
1987-04-22,32.750055,32.999938,32.250015,32.250015,657400,1.443506
1987-04-21,32.500034,32.750055,32.250015,32.750055,486000,1.465888
1987-04-20,32.625046,32.999938,32.250015,32.500034,770800,1.454697
1987-04-16,32.250015,32.500034,32.250015,32.250015,361800,1.443506
1987-04-15,32.375025,32.375025,32.250015,32.375025,301000,1.449102
1987-04-14,32.625046,32.625046,32.250015,32.375025,810000,1.449102
1987-04-13,32.875064,32.999938,32.750055,32.750055,286200,1.465888
1987-04-10,32.625046,32.999938,32.625046,32.999938,186300,1.477073
1987-04-09,32.750055,32.750055,32.625046,32.750055,156600,1.465888
1987-04-08,32.625046,32.750055,32.500034,32.625046,322600,1.460293
1987-04-07,32.500034,32.875064,32.500034,32.625046,472500,1.460293
1987-04-06,32.375025,33.24996,32.250015,32.750055,456300,1.465888
1987-04-03,32.500034,32.500034,32.125006,32.500034,341500,1.454697
1987-04-02,32.125006,32.375025,31.999994,32.375025,193000,1.449102
1987-04-01,31.999994,32.500034,31.999994,32.125006,297000,1.437911
1987-03-31,31.999994,32.375025,31.999994,32.125006,109300,1.437911
1987-03-30,31.999994,32.125006,31.999994,31.999994,473800,1.432315
1987-03-27,32.125006,32.250015,32.125006,32.250015,85000,1.443506
1987-03-26,31.999994,32.375025,31.999994,32.250015,182200,1.443506
1987-03-25,32.250015,32.250015,31.999994,31.999994,363100,1.432315
1987-03-24,31.999994,32.250015,31.999994,32.250015,210600,1.443506
1987-03-23,31.999994,32.125006,31.999994,31.999994,279400,1.432315
1987-03-20,31.499954,32.125006,31.499954,32.125006,498100,1.437911
1987-03-19,31.874985,31.874985,31.499954,31.499954,800500,1.409934
1987-03-18,31.749975,32.125006,31.624966,31.874985,330700,1.42672
1987-03-17,31.499954,31.624966,31.249936,31.499954,533200,1.409934
1987-03-16,31.499954,31.624966,31.499954,31.499954,135000,1.409934
1987-03-13,31.374945,31.499954,31.374945,31.499954,353700,1.409934
1987-03-12,31.374945,31.624966,31.374945,31.374945,160600,1.404338
1987-03-11,31.374945,31.624966,31.374945,31.374945,136300,1.404338
1987-03-10,31.624966,31.874985,31.499954,31.499954,183600,1.398743
1987-03-09,31.749975,31.749975,31.374945,31.499954,797800,1.398743
1987-03-06,31.749975,31.749975,31.249936,31.749975,172800,1.409845
1987-03-05,31.874985,31.999994,31.749975,31.874985,518400,1.415396
1987-03-04,31.999994,32.125006,31.749975,32.125006,463000,1.426498
1987-03-03,32.250015,32.250015,31.999994,31.999994,67500,1.420947
1987-03-02,31.999994,32.250015,31.999994,32.250015,64800,1.432049
1987-02-27,32.125006,32.250015,31.874985,32.125006,943600,1.426498
1987-02-26,31.999994,32.125006,31.749975,31.999994,589900,1.420947
1987-02-25,31.749975,31.999994,31.749975,31.749975,600700,1.409845
1987-02-24,31.624966,31.999994,31.499954,31.749975,1239300,1.409845
1987-02-23,31.374945,31.749975,31.000049,31.749975,1429600,1.409845
1987-02-20,32.125006,32.250015,31.499954,31.499954,1011100,1.398743
1987-02-19,32.125006,32.375025,32.125006,32.250015,124200,1.432049
1987-02-18,31.999994,32.500034,31.749975,32.125006,494100,1.426498
1987-02-17,31.999994,31.999994,31.499954,31.999994,387400,1.420947
1987-02-13,31.999994,32.375025,31.374945,32.125006,373900,1.426498
1987-02-12,32.625046,32.750055,32.125006,32.125006,573700,1.426498
1987-02-11,32.250015,32.375025,31.999994,32.375025,643900,1.4376
1987-02-10,32.250015,32.375025,31.999994,32.250015,1313500,1.432049
1987-02-09,32.625046,32.875064,32.250015,32.375025,862600,1.4376
1987-02-06,31.749975,33.24996,31.749975,32.625046,1440400,1.448702
1987-02-05,29.999969,31.749975,29.999969,31.749975,769500,1.409845
1987-02-04,30.249991,30.750031,29.999969,30.124978,672300,1.337688
1987-02-03,29.000025,29.87496,29.000025,29.87496,334800,1.326586
1987-02-02,28.374975,28.750006,28.249966,28.750006,271300,1.276633
1987-01-30,28.750006,28.750006,27.874936,28.124954,661500,1.248877
1987-01-29,27.50004,28.499985,27.50004,28.499985,1517400,1.26553
1987-01-28,27.00,27.50004,27.00,27.125009,479200,1.204475
1987-01-27,27.250022,27.375031,26.74998,26.74998,669600,1.187822
1987-01-26,27.00,27.50004,27.00,27.125009,260500,1.204475
1987-01-23,28.124954,28.875015,26.74998,27.00,947700,1.198924
1987-01-22,28.875015,28.875015,28.124954,28.249966,495400,1.254428
1987-01-21,28.499985,29.000025,28.374975,28.499985,345600,1.26553
1987-01-20,29.375055,29.375055,28.624994,28.624994,286200,1.271081
1987-01-19,28.374975,29.375055,28.249966,29.125034,152500,1.293285
1987-01-16,28.875015,28.875015,28.124954,28.499985,284800,1.26553
1987-01-15,28.249966,28.875015,28.249966,28.624994,279400,1.271081
1987-01-14,27.50004,28.249966,27.375031,27.999945,248400,1.243326
1987-01-13,28.249966,28.249966,27.750062,27.874936,182200,1.237775
1987-01-12,27.750062,27.999945,27.250022,27.625049,344200,1.226679
1987-01-09,27.999945,28.499985,27.625049,27.750062,421200,1.23223
1987-01-08,27.250022,27.999945,27.125009,27.874936,595300,1.237775
1987-01-07,27.125009,27.250022,27.00,27.00,932800,1.198924
1987-01-06,27.00,27.125009,26.74998,26.874989,403600,1.193373
1987-01-05,26.74998,27.00,26.374949,26.874989,274000,1.193373
1987-01-02,26.24994,26.74998,26.24994,26.624969,159300,1.182271
1986-12-31,26.000055,26.49996,26.000055,26.125064,789700,1.160073
1986-12-30,26.125064,26.24994,26.000055,26.000055,355000,1.154522
1986-12-29,26.125064,26.24994,26.125064,26.125064,400900,1.160073
1986-12-26,26.125064,26.24994,26.000055,26.24994,106600,1.165618
1986-12-24,26.000055,26.24994,26.000055,26.125064,419800,1.160073
1986-12-23,26.24994,26.24994,26.000055,26.000055,587200,1.154522
1986-12-22,26.24994,26.49996,26.24994,26.374949,639900,1.171169
1986-12-19,26.374949,26.374949,26.24994,26.374949,718200,1.171169
1986-12-18,26.24994,26.49996,26.125064,26.374949,1931800,1.171169
1986-12-17,26.24994,26.374949,26.125064,26.125064,642600,1.160073
1986-12-16,26.374949,26.374949,26.24994,26.374949,475200,1.171169
1986-12-15,26.24994,26.374949,26.24994,26.374949,297000,1.171169
1986-12-12,26.125064,26.374949,26.125064,26.374949,224100,1.171169
1986-12-11,26.24994,26.374949,26.24994,26.24994,187600,1.165618
1986-12-10,26.24994,26.374949,26.000055,26.24994,207900,1.165618
1986-12-09,26.49996,26.49996,26.24994,26.374949,399600,1.160067
1986-12-08,26.24994,26.49996,26.24994,26.374949,290200,1.160067
1986-12-05,26.624969,26.74998,26.24994,26.24994,294300,1.154569
1986-12-04,26.624969,26.874989,26.49996,26.624969,193000,1.171064
1986-12-03,26.74998,26.874989,26.374949,26.74998,255100,1.176562
1986-12-02,26.374949,26.624969,26.24994,26.49996,862600,1.165565
1986-12-01,26.125064,26.49996,26.125064,26.374949,467100,1.160067
1986-11-28,26.24994,26.374949,26.125064,26.125064,152500,1.149076
1986-11-26,26.24994,26.374949,26.24994,26.24994,205200,1.154569
1986-11-25,26.374949,26.374949,26.24994,26.374949,315900,1.160067
1986-11-24,26.24994,26.374949,26.24994,26.374949,271300,1.160067
1986-11-21,26.49996,26.49996,26.24994,26.24994,284800,1.154569
1986-11-20,26.125064,26.49996,26.000055,26.374949,403600,1.160067
1986-11-19,26.125064,26.24994,26.000055,26.000055,329400,1.143578
1986-11-18,26.125064,26.24994,26.000055,26.000055,454900,1.143578
1986-11-17,26.000055,26.125064,26.000055,26.000055,383400,1.143578
1986-11-14,26.125064,26.374949,26.125064,26.125064,220000,1.149076
1986-11-13,26.125064,26.24994,26.125064,26.125064,303700,1.149076
1986-11-12,26.24994,26.374949,26.000055,26.125064,395500,1.149076
1986-11-11,26.125064,26.374949,26.000055,26.125064,702000,1.149076
1986-11-10,26.125064,26.125064,26.000055,26.125064,267300,1.149076
1986-11-07,26.125064,26.374949,26.000055,26.000055,556200,1.143578
1986-11-06,26.125064,26.374949,26.125064,26.125064,309100,1.149076
1986-11-05,26.000055,26.374949,26.000055,26.24994,201100,1.154569
1986-11-04,26.000055,26.125064,26.000055,26.000055,346900,1.143578
1986-11-03,26.000055,26.24994,26.000055,26.24994,337500,1.154569
1986-10-31,26.000055,26.24994,26.000055,26.000055,649300,1.143578
1986-10-30,26.24994,26.24994,26.000055,26.24994,517000,1.154569
1986-10-29,26.374949,26.374949,26.000055,26.000055,265900,1.143578
1986-10-28,26.24994,26.374949,26.125064,26.24994,205200,1.154569
1986-10-27,26.000055,26.374949,26.000055,26.24994,202500,1.154569
1986-10-24,26.24994,26.24994,26.000055,26.000055,972000,1.143578
1986-10-23,25.750035,26.125064,25.750035,26.125064,426600,1.149076
1986-10-22,26.000055,26.24994,25.875045,25.875045,1231200,1.138079
1986-10-21,26.24994,26.374949,26.000055,26.000055,113400,1.143578
1986-10-20,26.24994,26.24994,26.000055,26.24994,880200,1.154569
1986-10-17,26.49996,26.49996,25.625025,26.125064,616900,1.149076
1986-10-16,26.49996,26.74998,26.49996,26.74998,113400,1.176562
1986-10-15,27.375031,27.50004,26.49996,26.624969,371200,1.171064
1986-10-14,26.874989,27.50004,26.624969,27.50004,325300,1.209553
1986-10-13,26.374949,26.874989,26.24994,26.624969,344200,1.171064
1986-10-10,26.000055,26.624969,26.000055,26.374949,271300,1.160067
1986-10-09,26.24994,26.624969,26.24994,26.374949,190300,1.160067
1986-10-08,26.000055,26.49996,26.000055,26.24994,124200,1.154569
1986-10-07,26.24994,26.24994,26.000055,26.000055,163300,1.143578
1986-10-06,26.24994,26.24994,26.125064,26.125064,33700,1.149076
1986-10-03,26.24994,26.374949,26.000055,26.24994,436000,1.154569
1986-10-02,26.000055,26.24994,26.000055,26.125064,110700,1.149076
1986-10-01,26.49996,26.49996,26.000055,26.000055,222700,1.143578
1986-09-30,26.24994,26.374949,26.000055,26.374949,251100,1.160067
1986-09-29,26.24994,26.24994,26.000055,26.000055,345600,1.143578
1986-09-26,26.24994,26.49996,26.24994,26.49996,1233900,1.165565
1986-09-25,26.624969,26.74998,26.49996,26.49996,247000,1.165565
1986-09-24,26.74998,26.74998,26.49996,26.624969,205200,1.171064
1986-09-23,26.624969,26.74998,26.374949,26.49996,170100,1.165565
1986-09-22,26.24994,26.624969,26.24994,26.624969,364500,1.171064
1986-09-19,26.24994,26.624969,26.24994,26.24994,588600,1.154569
1986-09-18,26.125064,26.49996,26.125064,26.49996,228100,1.165565
1986-09-17,26.125064,26.374949,26.000055,26.125064,234900,1.149076
1986-09-16,26.24994,26.374949,25.750035,26.24994,429300,1.154569
1986-09-15,26.374949,26.624969,26.24994,26.374949,260500,1.160067
1986-09-12,26.125064,26.74998,26.125064,26.49996,553500,1.165565
1986-09-11,26.49996,26.74998,26.125064,26.24994,1371600,1.154569
1986-09-10,26.49996,26.49996,26.000055,26.49996,213300,1.165565
1986-09-09,26.624969,26.74998,25.875045,26.374949,211900,1.14907
1986-09-08,26.49996,26.74998,26.24994,26.49996,280800,1.154516
1986-09-05,26.624969,26.74998,26.24994,26.624969,195700,1.159963
1986-09-04,26.24994,26.624969,26.000055,26.49996,305100,1.154516
1986-09-03,25.750035,26.374949,25.750035,26.000055,180900,1.132737
1986-09-02,26.000055,26.624969,26.000055,26.24994,179500,1.143624
1986-08-29,26.000055,26.374949,25.625025,25.750035,298300,1.121845
1986-08-28,26.000055,26.000055,25.875045,26.000055,448200,1.132737
1986-08-27,26.24994,26.374949,25.500015,25.875045,291600,1.127291
1986-08-26,26.24994,26.74998,25.500015,26.125064,253800,1.138184
1986-08-25,25.750035,26.874989,25.625025,26.125064,3037500,1.138184
1986-08-22,25.249995,25.625025,25.249995,25.500015,523800,1.110952
1986-08-21,25.375005,25.375005,24.999975,25.375005,383400,1.105506
1986-08-20,25.375005,25.500015,24.874965,25.124985,711400,1.094613
1986-08-19,26.49996,26.49996,25.249995,25.249995,441400,1.10006
1986-08-18,26.874989,26.874989,26.49996,26.624969,176800,1.159963
1986-08-15,26.74998,27.125009,26.74998,27.125009,410400,1.181748
1986-08-14,25.500015,26.74998,25.500015,26.74998,508900,1.165409
1986-08-13,25.124985,25.750035,24.874965,25.750035,1128600,1.121845
1986-08-12,25.249995,25.249995,24.749955,24.999975,198400,1.089167
1986-08-11,24.37506,24.999975,24.37506,24.999975,256500,1.089167
1986-08-08,23.750011,25.124985,23.37498,24.624945,2253100,1.072828
1986-08-07,24.250051,24.499936,24.000031,24.000031,299700,1.045603
1986-08-06,25.124985,25.124985,24.499936,24.624945,110700,1.072828
1986-08-05,24.999975,25.124985,24.749955,25.124985,237600,1.094613
1986-08-04,25.625025,25.625025,24.749955,25.124985,376600,1.094613
1986-08-01,25.625025,25.750035,25.375005,25.500015,194400,1.110952
1986-07-31,26.374949,26.49996,25.375005,25.625025,224100,1.116398
1986-07-30,26.125064,26.374949,25.875045,26.374949,162000,1.14907
1986-07-29,26.000055,26.125064,25.750035,26.125064,205200,1.138184
1986-07-28,26.624969,26.624969,26.125064,26.24994,59400,1.143624
1986-07-25,26.24994,26.874989,26.24994,26.874989,248400,1.170855
1986-07-24,26.125064,26.374949,26.000055,26.24994,375300,1.143624
1986-07-23,25.750035,26.24994,25.625025,26.000055,174100,1.132737
1986-07-22,26.24994,26.374949,25.500015,25.500015,544000,1.110952
1986-07-21,25.500015,26.374949,25.500015,26.24994,284800,1.143624
1986-07-18,26.49996,26.624969,25.750035,25.750035,467100,1.121845
1986-07-17,26.874989,26.874989,26.374949,26.374949,329400,1.14907
1986-07-16,26.624969,27.250022,26.49996,26.74998,535900,1.165409
1986-07-15,26.874989,27.125009,26.49996,26.624969,1144800,1.159963
1986-07-14,27.999945,27.999945,26.624969,26.874989,305100,1.170855
1986-07-11,28.374975,28.499985,27.50004,27.874936,473800,1.21442
1986-07-10,29.999969,30.249991,28.374975,28.374975,554800,1.236205
1986-07-09,29.749951,29.999969,29.500064,29.749951,178200,1.296108
1986-07-08,29.500064,29.749951,29.250046,29.500064,340200,1.285221
1986-07-07,30.625022,30.625022,29.749951,29.749951,600700,1.296108
1986-07-03,30.500009,30.87504,30.375,30.500009,700600,1.328786
1986-07-02,30.625022,30.750031,30.249991,30.625022,303700,1.334232
1986-07-01,30.124978,30.625022,30.124978,30.500009,554800,1.328786
1986-06-30,29.999969,30.249991,29.375055,29.87496,500800,1.301554
1986-06-27,29.250046,29.87496,29.250046,29.87496,411700,1.301554
1986-06-26,29.500064,29.500064,29.250046,29.500064,334800,1.285221
1986-06-25,29.375055,29.500064,29.125034,29.250046,504900,1.274329
1986-06-24,29.749951,29.749951,29.250046,29.375055,479200,1.279775
1986-06-23,29.375055,29.749951,29.375055,29.624938,166000,1.290662
1986-06-20,29.87496,29.87496,29.125034,29.125034,452200,1.268882
1986-06-19,29.500064,29.999969,29.500064,29.749951,145800,1.296108
1986-06-18,29.87496,29.999969,29.375055,29.749951,298300,1.296108
1986-06-17,29.87496,29.87496,29.000025,29.87496,359100,1.301554
1986-06-16,29.375055,29.624938,29.250046,29.624938,403600,1.290662
1986-06-13,29.000025,29.500064,29.000025,29.250046,413100,1.274329
1986-06-12,29.000025,29.125034,28.750006,28.750006,83700,1.252544
1986-06-11,28.750006,29.125034,28.750006,28.750006,330700,1.252544
1986-06-10,28.499985,29.000025,28.374975,28.499985,220000,1.241651
1986-06-09,29.749951,29.749951,28.624994,28.624994,453600,1.236205
1986-06-06,29.749951,29.87496,29.500064,29.500064,194400,1.273996
1986-06-05,29.749951,29.749951,29.250046,29.500064,130900,1.273996
1986-06-04,29.999969,29.999969,29.500064,29.500064,101200,1.273996
1986-06-03,30.500009,30.625022,30.249991,30.249991,330700,1.306382
1986-06-02,30.124978,31.000049,30.124978,30.625022,704700,1.322578
1986-05-30,30.124978,30.500009,29.749951,30.124978,753300,1.300983
1986-05-29,28.499985,30.249991,28.499985,30.249991,807300,1.306382
1986-05-28,27.999945,28.249966,27.750062,28.249966,924700,1.220009
1986-05-27,27.874936,27.999945,27.00,27.874936,476500,1.203813
1986-05-23,27.50004,28.249966,27.375031,27.750062,693900,1.19842
1986-05-22,27.874936,28.249966,27.874936,27.874936,253800,1.203813
1986-05-21,28.499985,28.499985,27.50004,27.874936,407700,1.203813
1986-05-20,27.999945,28.624994,27.999945,28.499985,130900,1.230806
1986-05-19,27.750062,27.999945,27.750062,27.750062,333400,1.19842
1986-05-16,27.999945,27.999945,27.625049,27.874936,284800,1.203813
1986-05-15,28.624994,28.750006,27.625049,27.874936,353700,1.203813
1986-05-14,29.000025,29.000025,28.499985,28.750006,207900,1.241604
1986-05-13,29.000025,29.000025,28.750006,28.750006,247000,1.241604
1986-05-12,29.250046,29.375055,29.000025,29.000025,79600,1.252401
1986-05-09,29.250046,29.624938,29.125034,29.375055,190300,1.268597
1986-05-08,29.000025,29.500064,28.750006,29.375055,256500,1.268597
1986-05-07,29.125034,29.250046,28.750006,29.000025,279400,1.252401
1986-05-06,29.500064,29.749951,28.875015,29.125034,349600,1.2578
1986-05-05,29.000025,29.87496,29.000025,29.749951,274000,1.284787
1986-05-02,28.750006,29.500064,28.750006,29.250046,291600,1.263198
1986-05-01,28.249966,29.000025,28.249966,29.000025,328000,1.252401
1986-04-30,28.875015,29.000025,28.374975,28.374975,688500,1.225407
1986-04-29,29.375055,29.749951,28.875015,29.000025,398200,1.252401
1986-04-28,29.87496,29.87496,29.000025,29.500064,319900,1.273996
1986-04-25,29.999969,30.249991,29.500064,29.624938,220000,1.279389
1986-04-24,30.249991,30.375,29.999969,29.999969,230800,1.295585
1986-04-23,29.999969,30.249991,29.999969,29.999969,162000,1.295585
1986-04-22,30.375,30.500009,29.999969,30.500009,473800,1.31718
1986-04-21,29.999969,30.375,29.999969,30.249991,217300,1.306382
1986-04-18,30.124978,30.375,29.999969,30.249991,148500,1.306382
1986-04-17,29.749951,30.249991,29.624938,30.249991,306400,1.306382
1986-04-16,29.749951,29.999969,29.500064,29.999969,480600,1.295585
1986-04-15,29.999969,29.999969,29.624938,29.749951,270000,1.284787
1986-04-14,29.87496,30.249991,29.624938,30.249991,307800,1.306382
1986-04-11,29.87496,30.124978,29.250046,29.749951,295600,1.284787
1986-04-10,29.500064,29.87496,29.500064,29.87496,86400,1.290186
1986-04-09,30.124978,30.375,29.624938,29.624938,179500,1.279389
1986-04-08,29.999969,30.249991,29.749951,30.124978,1169100,1.300983
1986-04-07,29.125034,29.999969,29.000025,29.624938,418500,1.279389
1986-04-04,29.749951,29.87496,29.000025,29.375055,272700,1.268597
1986-04-03,29.999969,29.999969,29.500064,29.500064,172800,1.273996
1986-04-02,30.87504,30.87504,29.999969,30.124978,255100,1.300983
1986-04-01,30.124978,30.750031,29.749951,30.750031,999000,1.327977
1986-03-31,29.749951,30.124978,29.624938,29.749951,216000,1.284787
1986-03-27,29.999969,29.999969,29.624938,29.87496,194400,1.290186
1986-03-26,29.749951,29.999969,29.749951,29.999969,449500,1.295585
1986-03-25,29.624938,29.749951,29.375055,29.624938,170100,1.279389
1986-03-24,29.999969,30.249991,29.500064,29.624938,363100,1.279389
1986-03-21,28.750006,29.87496,28.499985,29.87496,1517400,1.290186
1986-03-20,29.125034,29.500064,28.624994,28.750006,325300,1.241604
1986-03-19,29.000025,29.624938,29.000025,29.375055,513000,1.268597
1986-03-18,28.374975,29.000025,28.374975,28.875015,444100,1.247002
1986-03-17,28.499985,28.750006,27.999945,28.624994,562900,1.236205
1986-03-14,29.500064,29.749951,28.750006,29.000025,361800,1.252401
1986-03-13,29.375055,29.749951,29.125034,29.500064,251100,1.273996
1986-03-12,29.749951,29.999969,29.375055,29.375055,334800,1.268597
1986-03-11,29.624938,29.624938,28.750006,29.624938,338800,1.279389
1986-03-10,29.125034,29.375055,28.750006,29.250046,279400,1.252401
1986-03-07,29.749951,29.749951,29.250046,29.250046,448200,1.252401
1986-03-06,29.500064,29.87496,29.125034,29.749951,199800,1.273805
1986-03-05,29.999969,29.999969,29.125034,29.250046,175500,1.252401
1986-03-04,30.625022,30.750031,30.124978,30.124978,256500,1.289863
1986-03-03,30.500009,30.750031,29.999969,30.500009,271300,1.305921
1986-02-28,29.999969,30.750031,29.87496,30.500009,962500,1.305921
1986-02-27,29.749951,29.87496,29.375055,29.87496,175500,1.279158
1986-02-26,29.87496,29.999969,29.624938,29.749951,337500,1.273805
1986-02-25,30.124978,30.625022,29.375055,29.749951,297000,1.273805
1986-02-24,29.000025,30.124978,28.750006,29.999969,708700,1.28451
1986-02-21,28.249966,29.250046,28.249966,29.250046,386100,1.252401
1986-02-20,28.249966,28.374975,27.999945,28.374975,155200,1.214933
1986-02-19,28.499985,28.750006,27.999945,28.124954,232200,1.204228
1986-02-18,28.750006,28.875015,28.499985,28.750006,252400,1.230991
1986-02-14,28.499985,28.875015,28.374975,28.499985,187600,1.220286
1986-02-13,28.624994,28.750006,28.249966,28.499985,183600,1.220286
1986-02-12,27.625049,28.624994,27.625049,28.374975,329400,1.214933
1986-02-11,27.50004,28.374975,27.50004,27.750062,457600,1.188176
1986-02-10,27.50004,27.874936,27.50004,27.50004,328000,1.177471
1986-02-07,27.250022,27.750062,27.250022,27.50004,261900,1.177471
1986-02-06,27.00,27.625049,27.00,27.375031,167400,1.172118
1986-02-05,27.625049,27.874936,27.00,27.00,278100,1.156061
1986-02-04,27.750062,27.999945,27.50004,27.874936,402300,1.193523
1986-02-03,27.999945,28.124954,27.750062,27.874936,153900,1.193523
1986-01-31,27.625049,28.124954,27.625049,27.874936,98500,1.193523
1986-01-30,27.874936,28.124954,27.750062,27.750062,367200,1.188176
1986-01-29,28.374975,28.374975,27.999945,27.999945,291600,1.198875
1986-01-28,28.124954,28.249966,27.874936,28.124954,310500,1.204228
1986-01-27,27.874936,28.374975,27.750062,28.249966,387400,1.20958
1986-01-24,27.625049,27.874936,27.625049,27.750062,48600,1.188176
1986-01-23,27.625049,27.750062,27.625049,27.625049,175500,1.182823
1986-01-22,27.625049,27.999945,27.625049,27.750062,263200,1.188176
1986-01-21,27.999945,27.999945,27.750062,27.750062,106600,1.188176
1986-01-20,27.750062,27.874936,27.50004,27.625049,191700,1.182823
1986-01-17,27.999945,28.249966,27.999945,27.999945,179500,1.198875
1986-01-16,28.499985,28.499985,27.999945,28.124954,206500,1.204228
1986-01-15,27.50004,28.499985,27.50004,28.249966,519700,1.20958
1986-01-14,27.375031,27.750062,27.250022,27.50004,244300,1.177471
1986-01-13,26.874989,27.125009,26.874989,26.874989,873400,1.150708
1986-01-10,26.874989,27.125009,26.624969,26.624969,175500,1.140003
1986-01-09,26.24994,27.00,26.24994,26.624969,338800,1.140003
1986-01-08,27.750062,27.750062,26.24994,26.24994,561600,1.123945
1986-01-07,27.750062,27.750062,27.50004,27.50004,201100,1.177471
1986-01-06,27.50004,27.874936,27.375031,27.50004,210600,1.177471
1986-01-03,27.625049,27.999945,27.50004,27.50004,475200,1.177471
1986-01-02,28.124954,28.124954,27.625049,27.750062,182200,1.188176
1985-12-31,27.999945,28.499985,27.750062,28.249966,251100,1.20958
1985-12-30,27.50004,27.999945,27.50004,27.999945,145800,1.198875
1985-12-27,27.250022,27.750062,27.250022,27.625049,180900,1.182823
1985-12-26,27.125009,27.50004,27.125009,27.375031,62100,1.172118
1985-12-24,27.250022,27.50004,27.00,27.250022,222700,1.166766
1985-12-23,27.125009,27.750062,27.125009,27.375031,392800,1.172118
1985-12-20,26.624969,27.375031,26.49996,27.375031,715500,1.172118
1985-12-19,26.874989,27.00,26.624969,26.74998,275400,1.145355
1985-12-18,27.00,27.250022,26.624969,26.74998,595300,1.145355
1985-12-17,26.74998,27.125009,26.624969,26.874989,383400,1.150708
1985-12-16,26.49996,27.00,26.24994,27.00,803200,1.156061
1985-12-13,25.750035,26.49996,25.750035,26.374949,577800,1.129298
1985-12-12,25.750035,26.000055,25.750035,26.000055,313200,1.113246
1985-12-11,25.124985,25.875045,24.999975,25.875045,434700,1.107893
1985-12-10,24.999975,25.249995,24.749955,25.124985,764100,1.075778
1985-12-09,25.124985,25.500015,24.999975,25.249995,294300,1.081131
1985-12-06,25.249995,25.375005,24.624945,25.124985,419800,1.075778
1985-12-05,25.500015,25.625025,25.249995,25.375005,746500,1.086483
1985-12-04,24.874965,25.500015,24.624945,25.249995,394200,1.081131
1985-12-03,24.874965,24.874965,24.250051,24.874965,430600,1.065073
1985-12-02,24.624945,24.874965,24.499936,24.624945,1746900,1.054368
1985-11-29,25.249995,25.375005,24.499936,24.499936,129600,1.03831
1985-11-27,24.37506,24.999975,24.250051,24.999975,615600,1.059502
1985-11-26,24.499936,24.624945,24.250051,24.250051,1134000,1.02772
1985-11-25,25.124985,25.124985,24.499936,24.749955,627700,1.048906
1985-11-22,25.249995,25.249995,24.999975,25.249995,616900,1.070098
1985-11-21,24.37506,25.249995,24.37506,25.249995,378000,1.070098
1985-11-20,24.624945,24.749955,24.37506,24.37506,151200,1.033018
1985-11-19,24.749955,24.874965,24.499936,24.749955,290200,1.048906
1985-11-18,24.624945,24.874965,24.37506,24.749955,263200,1.048906
1985-11-15,24.499936,24.749955,24.250051,24.37506,217300,1.033018
1985-11-14,24.000031,24.874965,24.000031,24.499936,243000,1.03831
1985-11-13,24.749955,24.874965,24.12504,24.12504,110700,1.022422
1985-11-12,25.249995,25.375005,24.624945,24.624945,344200,1.043608
1985-11-11,24.999975,25.500015,24.749955,25.500015,153900,1.080694
1985-11-08,24.37506,25.124985,24.250051,24.999975,186300,1.059502
1985-11-07,24.874965,24.999975,24.37506,24.37506,170100,1.033018
1985-11-06,24.999975,25.249995,24.624945,25.249995,247000,1.070098
1985-11-05,24.874965,25.375005,24.624945,24.999975,310500,1.059502
1985-11-04,24.37506,24.999975,24.12504,24.874965,333400,1.054204
1985-11-01,24.250051,24.250051,23.87502,24.000031,218700,1.017124
1985-10-31,24.12504,24.749955,24.12504,24.250051,216000,1.02772
1985-10-30,24.499936,24.749955,24.000031,24.250051,295600,1.02772
1985-10-29,22.999949,24.250051,22.999949,24.250051,367200,1.02772
1985-10-28,22.87494,23.249969,22.750064,23.249969,176800,0.985336
1985-10-25,22.999949,23.12496,22.750064,22.999949,106600,0.974741
1985-10-24,22.500045,23.12496,22.500045,22.999949,171400,0.974741
1985-10-23,22.125015,22.500045,22.000005,22.500045,480600,0.953555
1985-10-22,22.250025,22.625055,22.125015,22.250025,603400,0.942959
1985-10-21,23.12496,23.12496,22.500045,22.500045,168700,0.953555
1985-10-18,23.249969,23.37498,22.87494,23.249969,324000,0.985336
1985-10-17,24.12504,24.12504,22.750064,22.750064,213300,0.96415
1985-10-16,24.624945,24.624945,24.250051,24.250051,415800,1.02772
1985-10-15,23.499989,24.624945,23.499989,24.624945,382000,1.043608
1985-10-14,23.37498,23.625,23.37498,23.625,52600,1.00123
1985-10-11,22.87494,23.750011,22.87494,23.249969,176800,0.985336
1985-10-10,23.12496,23.249969,22.87494,22.87494,124200,0.969443
1985-10-09,22.999949,23.499989,22.999949,23.249969,156600,0.985336
1985-10-08,22.625055,23.249969,22.625055,22.999949,399600,0.974741
1985-10-07,22.750064,23.12496,22.750064,22.87494,172800,0.969443
1985-10-04,22.750064,22.750064,22.500045,22.625055,114700,0.958852
1985-10-03,22.250025,22.87494,22.000005,22.87494,206500,0.969443
1985-10-02,22.500045,22.750064,22.125015,22.250025,145800,0.942959
1985-10-01,21.499965,22.750064,21.249945,22.250025,459000,0.942959
1985-09-30,21.00006,21.499965,20.875051,21.249945,310500,0.900575
1985-09-26,20.75004,21.249945,20.625031,21.249945,82300,0.900575
1985-09-25,21.624975,21.874995,20.625031,21.00006,1536300,0.889985
1985-09-24,21.749985,22.000005,21.624975,21.874995,265900,0.927065
1985-09-23,21.749985,22.500045,21.749985,21.874995,452200,0.927065
1985-09-20,20.75004,21.749985,20.75004,21.374955,390100,0.905873
1985-09-19,20.50002,21.00006,20.50002,20.75004,326700,0.879389
1985-09-18,20.375011,20.75004,20.25,20.625031,677700,0.874091
1985-09-17,21.374955,21.374955,19.874969,20.50002,422500,0.868793
1985-09-16,21.374955,21.499965,21.374955,21.374955,139000,0.905873
1985-09-13,22.250025,22.250025,21.499965,21.624975,796500,0.916469
1985-09-12,22.000005,22.500045,22.000005,22.250025,310500,0.942959
1985-09-11,22.000005,22.125015,21.749985,22.000005,321300,0.932363
1985-09-10,22.000005,22.87494,21.874995,22.000005,440100,0.932363
1985-09-09,22.87494,22.87494,22.500045,22.750064,414400,0.955677
1985-09-06,22.999949,23.12496,22.625055,22.87494,395500,0.960923
1985-09-05,23.12496,23.37498,22.750064,22.750064,553500,0.955677
1985-09-04,24.000031,24.000031,23.12496,23.12496,758700,0.971426
1985-09-03,24.000031,24.000031,23.750011,23.750011,179500,0.997682
1985-08-30,23.87502,24.000031,23.625,23.87502,160600,1.002934
1985-08-29,23.87502,24.12504,23.87502,24.000031,367200,1.008185
1985-08-28,23.625,24.000031,23.499989,23.87502,359100,1.002934
1985-08-27,23.499989,23.87502,23.499989,23.750011,135000,0.997682
1985-08-26,23.625,23.625,23.249969,23.249969,103900,0.976677
1985-08-23,23.625,23.87502,23.625,23.87502,95800,1.002934
1985-08-22,23.750011,23.87502,23.625,23.750011,376600,0.997682
1985-08-21,23.625,24.499936,23.625,24.000031,581800,1.008185
1985-08-20,23.499989,23.750011,23.37498,23.750011,230800,0.997682
1985-08-19,23.37498,23.750011,23.249969,23.750011,356400,0.997682
1985-08-16,23.12496,23.625,22.999949,23.37498,400900,0.981928
1985-08-15,23.625,23.750011,23.249969,23.249969,484600,0.976677
1985-08-14,23.750011,23.87502,23.249969,23.37498,600700,0.981928
1985-08-13,24.12504,24.250051,23.499989,23.499989,425200,0.98718
1985-08-12,24.12504,24.37506,24.12504,24.12504,508900,1.013437
1985-08-09,24.499936,24.499936,24.12504,24.12504,349600,1.013437
1985-08-08,24.250051,24.499936,23.87502,24.37506,492700,1.023939
1985-08-07,24.12504,24.499936,24.12504,24.12504,333400,1.013437
1985-08-06,24.000031,24.37506,24.000031,24.12504,330700,1.013437
1985-08-05,24.999975,24.999975,24.000031,24.000031,220000,1.008185
1985-08-02,25.124985,25.249995,24.624945,25.249995,207900,1.060693
1985-08-01,24.749955,25.375005,24.749955,25.124985,105300,1.055442
1985-07-31,24.250051,24.749955,24.000031,24.499936,614200,1.029185
1985-07-30,24.250051,24.499936,24.12504,24.37506,203800,1.023939
1985-07-29,24.37506,24.499936,23.750011,23.87502,288900,1.002934
1985-07-26,24.874965,24.999975,24.499936,24.499936,762700,1.029185
1985-07-25,24.999975,25.249995,24.874965,25.124985,321300,1.055442
1985-07-24,25.375005,25.500015,24.749955,24.749955,549400,1.039688
1985-07-23,25.500015,25.750035,25.500015,25.500015,206500,1.071196
1985-07-22,25.625025,25.875045,25.500015,25.500015,373900,1.071196
1985-07-19,25.124985,25.875045,24.999975,25.875045,1109700,1.08695
1985-07-18,25.875045,25.875045,25.124985,25.124985,261900,1.055442
1985-07-17,26.000055,26.24994,25.875045,25.875045,865300,1.08695
1985-07-16,25.750035,25.875045,25.625025,25.875045,352300,1.08695
1985-07-15,25.750035,25.875045,25.625025,25.750035,206500,1.081699
1985-07-12,25.124985,25.750035,25.124985,25.625025,237600,1.076447
1985-07-11,24.749955,25.249995,24.749955,24.999975,413100,1.050191
1985-07-10,24.624945,24.999975,24.624945,24.999975,384700,1.050191
1985-07-09,24.624945,24.749955,24.499936,24.624945,287500,1.034436
1985-07-08,24.874965,24.874965,24.37506,24.624945,125500,1.034436
1985-07-05,24.999975,24.999975,24.874965,24.874965,170100,1.044939
1985-07-03,24.999975,24.999975,24.499936,24.874965,153900,1.044939
1985-07-02,25.500015,25.500015,24.624945,24.999975,513000,1.050191
1985-07-01,24.37506,25.500015,24.37506,25.500015,216000,1.071196
1985-06-28,24.499936,24.499936,24.000031,24.250051,249700,1.018688
1985-06-27,24.499936,24.749955,24.12504,24.499936,171400,1.029185
1985-06-26,24.874965,24.999975,24.749955,24.749955,321300,1.039688
1985-06-25,24.624945,25.249995,24.624945,24.999975,658800,1.050191
1985-06-24,23.750011,24.874965,23.625,24.624945,321300,1.034436
1985-06-21,23.12496,24.12504,22.999949,23.625,1289200,0.992431
1985-06-20,23.249969,23.249969,22.87494,23.12496,562900,0.971426
1985-06-19,23.87502,23.87502,22.999949,23.249969,400900,0.976677
1985-06-18,23.750011,24.000031,23.499989,23.87502,363100,1.002934
1985-06-17,24.000031,24.12504,23.750011,23.750011,477900,0.997682
1985-06-14,23.750011,24.250051,23.750011,24.12504,317200,1.013437
1985-06-13,24.37506,24.499936,23.499989,23.750011,344200,0.997682
1985-06-12,24.499936,24.874965,24.12504,24.250051,378000,1.018688
1985-06-11,24.749955,25.124985,24.624945,24.624945,276700,1.034436
1985-06-10,24.749955,25.124985,24.499936,24.749955,545400,1.039688
1985-06-07,26.000055,26.000055,24.874965,25.124985,699300,1.047043
1985-06-06,26.374949,26.374949,26.125064,26.24994,121500,1.093924
1985-06-05,26.374949,26.49996,26.125064,26.24994,290200,1.093924
1985-06-04,25.750035,26.24994,25.750035,26.125064,86400,1.08872
1985-06-03,26.000055,26.000055,25.625025,25.875045,326700,1.078301
1985-05-31,25.750035,26.000055,25.750035,26.000055,328000,1.08351
1985-05-30,25.750035,26.125064,25.750035,25.875045,461700,1.078301
1985-05-29,25.750035,26.000055,25.750035,25.750035,375300,1.073091
1985-05-28,25.875045,26.000055,25.750035,25.750035,168700,1.073091
1985-05-24,25.875045,26.125064,25.875045,25.875045,64800,1.078301
1985-05-23,26.000055,26.125064,25.875045,25.875045,74200,1.078301
1985-05-22,26.24994,26.24994,25.875045,25.875045,214600,1.078301
1985-05-21,26.125064,26.49996,26.125064,26.374949,183600,1.099133
1985-05-20,26.624969,26.74998,26.125064,26.125064,553500,1.08872
1985-05-17,26.374949,26.49996,26.000055,26.49996,546700,1.104343
1985-05-16,25.625025,26.24994,25.249995,26.24994,418500,1.093924
1985-05-15,24.999975,25.750035,24.999975,25.625025,168700,1.067881
1985-05-14,25.375005,25.375005,24.999975,25.124985,461700,1.047043
1985-05-13,25.375005,25.625025,25.124985,25.249995,525100,1.052253
1985-05-10,24.999975,25.500015,24.999975,25.500015,295600,1.062672
1985-05-09,24.624945,24.874965,24.499936,24.749955,301000,1.031414
1985-05-08,24.999975,24.999975,24.499936,24.749955,190300,1.031414
1985-05-07,24.999975,25.124985,24.874965,24.874965,102600,1.036624
1985-05-06,24.874965,25.124985,24.749955,24.749955,174100,1.031414
1985-05-03,25.249995,25.249995,24.749955,24.999975,171400,1.041834
1985-05-02,25.500015,25.500015,25.124985,25.249995,183600,1.052253
1985-05-01,25.124985,25.500015,24.999975,25.249995,251100,1.052253
1985-04-30,24.999975,25.375005,24.999975,25.249995,310500,1.052253
1985-04-29,24.999975,24.999975,24.874965,24.999975,523800,1.041834
1985-04-26,25.249995,25.500015,24.999975,25.124985,502200,1.047043
1985-04-25,25.750035,25.875045,25.124985,25.375005,120100,1.057462
1985-04-24,26.24994,26.24994,25.875045,25.875045,103900,1.078301
1985-04-23,26.374949,26.49996,26.000055,26.49996,625000,1.104343
1985-04-22,26.374949,26.49996,26.125064,26.374949,854500,1.099133
1985-04-19,26.624969,27.125009,26.24994,26.374949,483300,1.099133
1985-04-18,27.00,27.125009,26.74998,26.874989,178200,1.119972
1985-04-17,26.125064,27.250022,26.125064,27.125009,510300,1.130391
1985-04-16,26.49996,26.49996,26.24994,26.24994,113400,1.093924
1985-04-15,26.374949,26.49996,26.24994,26.24994,182200,1.093924
1985-04-12,26.49996,26.74998,26.49996,26.49996,513000,1.104343
1985-04-11,26.74998,27.00,26.74998,26.74998,113400,1.114762
1985-04-10,27.00,27.00,26.74998,26.874989,49900,1.119972
1985-04-09,26.49996,26.874989,26.49996,26.874989,98500,1.119972
1985-04-08,26.49996,26.74998,26.49996,26.49996,164700,1.104343
1985-04-04,26.74998,26.874989,26.49996,26.624969,213300,1.109553
1985-04-03,26.74998,26.74998,26.49996,26.74998,113400,1.114762
1985-04-02,26.74998,26.874989,26.49996,26.74998,110700,1.114762
1985-04-01,26.24994,26.49996,26.24994,26.49996,321300,1.104343
1985-03-29,26.24994,26.74998,26.000055,26.49996,781600,1.104343
1985-03-28,26.49996,27.00,26.24994,26.24994,209200,1.093924
1985-03-27,26.000055,26.74998,26.000055,26.49996,106600,1.104343
1985-03-26,26.49996,26.74998,26.24994,26.24994,67500,1.093924
1985-03-25,26.624969,27.00,26.49996,26.74998,244300,1.114762
1985-03-22,27.250022,27.250022,26.374949,26.624969,1212300,1.109553
1985-03-21,26.874989,27.125009,26.624969,27.125009,141700,1.130391
1985-03-20,26.49996,26.74998,25.625025,26.624969,317200,1.109553
1985-03-19,25.875045,26.874989,25.500015,26.874989,302400,1.119972
1985-03-18,26.49996,26.874989,25.875045,26.125064,97200,1.08872
1985-03-15,26.374949,26.74998,26.24994,26.624969,58000,1.109553
1985-03-14,25.375005,26.49996,25.375005,26.24994,326700,1.093924
1985-03-13,26.374949,26.49996,25.249995,25.500015,373900,1.062672
1985-03-12,26.874989,26.874989,26.624969,26.624969,184900,1.109553
1985-03-11,27.250022,27.50004,27.00,27.125009,194400,1.130391
1985-03-08,27.999945,28.249966,27.375031,27.750062,356400,1.148107
1985-03-07,27.999945,28.249966,27.874936,28.249966,468400,1.16879
1985-03-06,28.499985,28.499985,27.999945,27.999945,873400,1.158445
1985-03-05,27.874936,28.624994,27.750062,28.499985,283500,1.179134
1985-03-04,27.999945,28.124954,27.874936,27.874936,43200,1.153273
1985-03-01,28.249966,28.249966,27.999945,27.999945,175500,1.158445
1985-02-28,28.249966,28.499985,28.249966,28.499985,72900,1.179134
1985-02-27,28.124954,28.624994,27.999945,28.249966,369900,1.16879
1985-02-26,27.750062,28.374975,27.625049,27.999945,237600,1.158445
1985-02-25,27.999945,27.999945,27.625049,27.750062,238900,1.148107
1985-02-22,27.999945,28.124954,27.750062,27.750062,270000,1.148107
1985-02-21,27.999945,27.999945,27.750062,27.750062,132300,1.148107
1985-02-20,27.999945,28.124954,27.750062,27.750062,264600,1.148107
1985-02-19,27.999945,28.124954,27.999945,27.999945,137700,1.158445
1985-02-15,27.999945,28.124954,27.999945,27.999945,268600,1.158445
1985-02-14,28.374975,28.499985,27.999945,27.999945,187600,1.158445
1985-02-13,27.999945,28.499985,27.999945,28.374975,415800,1.173962
1985-02-12,28.499985,28.499985,27.874936,27.999945,298300,1.158445
1985-02-11,29.000025,29.125034,28.374975,28.499985,573700,1.179134
1985-02-08,28.875015,29.125034,28.750006,29.000025,454900,1.199822
1985-02-07,27.999945,28.875015,27.999945,28.875015,464400,1.19465
1985-02-06,27.999945,28.374975,27.625049,27.999945,423900,1.158445
1985-02-05,27.999945,28.374975,27.625049,28.124954,1116400,1.163617
1985-02-04,28.249966,28.249966,27.874936,28.124954,531900,1.163617
1985-02-01,28.499985,28.499985,27.750062,27.999945,244300,1.158445
1985-01-31,28.624994,28.624994,28.249966,28.499985,97200,1.179134
1985-01-30,28.624994,29.500064,28.624994,28.750006,625000,1.189478
1985-01-29,28.750006,28.750006,28.374975,28.624994,199800,1.184306
1985-01-28,29.125034,29.125034,28.750006,28.875015,283500,1.19465
1985-01-25,28.875015,29.125034,28.624994,29.125034,787000,1.204994
1985-01-24,28.750006,29.250046,28.499985,28.624994,931500,1.184306
1985-01-23,27.625049,27.999945,27.50004,27.750062,452200,1.148107
1985-01-22,27.375031,27.625049,27.125009,27.625049,337500,1.142935
1985-01-21,27.00,27.125009,26.74998,27.125009,556200,1.122247
1985-01-18,27.750062,27.750062,26.874989,27.250022,190300,1.127419
1985-01-17,27.250022,27.999945,27.125009,27.750062,468400,1.148107
1985-01-16,26.874989,29.87496,26.874989,27.250022,518400,1.127419
1985-01-15,27.125009,27.250022,26.624969,26.624969,594000,1.101558
1985-01-14,26.000055,27.375031,26.000055,27.125009,594000,1.122247
1985-01-11,25.875045,26.374949,25.875045,26.125064,311800,1.080876
1985-01-10,24.624945,26.000055,24.499936,26.000055,804600,1.075704
1985-01-09,24.499936,24.874965,24.499936,24.624945,1171800,1.018811
1985-01-08,24.37506,24.499936,24.250051,24.499936,1471500,1.013639
1985-01-07,24.250051,24.499936,23.87502,24.37506,184900,1.008473
1985-01-04,24.250051,24.250051,23.87502,24.250051,112000,1.003301
1985-01-03,24.000031,24.250051,23.87502,24.250051,207900,1.003301
1985-01-02,24.499936,24.499936,23.87502,24.000031,178200,0.992956
1984-12-31,24.37506,24.499936,24.250051,24.499936,207900,1.013639
1984-12-28,24.874965,24.874965,24.37506,24.37506,109300,1.008473
1984-12-27,24.874965,24.874965,24.624945,24.874965,483300,1.029155
1984-12-26,24.499936,24.874965,24.499936,24.874965,190300,1.029155
1984-12-24,24.499936,24.749955,24.250051,24.624945,136300,1.018811
1984-12-21,24.749955,24.749955,24.000031,24.250051,230800,1.003301
1984-12-20,25.375005,25.375005,24.874965,24.999975,206500,1.034327
1984-12-19,25.124985,25.249995,24.874965,25.124985,241600,1.039499
1984-12-18,24.000031,25.249995,23.750011,25.249995,662800,1.044671
1984-12-17,23.750011,24.000031,23.625,23.625,211900,0.97744
1984-12-14,23.87502,24.000031,23.625,24.000031,151200,0.992956
1984-12-13,23.750011,24.000031,23.625,23.750011,233500,0.982612
1984-12-12,24.250051,24.499936,23.625,23.625,110700,0.97744
1984-12-11,24.000031,24.499936,24.000031,24.250051,421200,1.003301
1984-12-10,23.87502,24.000031,23.625,23.750011,302400,0.982612
1984-12-07,24.000031,24.12504,23.625,23.750011,205200,0.982612
1984-12-06,23.87502,23.87502,23.625,23.625,147100,0.97744
1984-12-05,24.499936,24.624945,23.625,23.87502,432000,0.987784
1984-12-04,24.250051,24.499936,24.12504,24.499936,886900,1.013639
1984-12-03,24.000031,24.499936,24.000031,24.000031,330700,0.992956
1984-11-30,24.000031,24.250051,23.87502,24.250051,109300,0.995029
1984-11-29,24.000031,24.250051,23.750011,24.12504,2816100,0.989899
1984-11-28,24.250051,24.37506,24.12504,24.12504,206500,0.989899
1984-11-27,24.250051,24.250051,23.750011,24.250051,78300,0.995029
1984-11-26,24.250051,24.749955,23.87502,24.12504,623700,0.989899
1984-11-23,23.37498,24.000031,23.12496,24.000031,186300,0.98477
1984-11-21,23.625,23.750011,22.500045,23.249969,280800,0.953993
1984-11-20,23.87502,23.87502,23.37498,23.625,249700,0.969382
1984-11-19,23.87502,24.000031,23.499989,23.625,145800,0.969382
1984-11-16,23.750011,24.250051,23.625,23.625,122800,0.969382
1984-11-15,23.625,24.000031,23.625,23.87502,172800,0.97964
1984-11-14,23.87502,24.12504,23.750011,23.87502,194400,0.97964
1984-11-13,24.000031,24.12504,23.625,23.87502,90400,0.97964
1984-11-12,24.000031,24.000031,23.87502,23.87502,55300,0.97964
1984-11-09,24.250051,24.37506,23.750011,24.000031,287500,0.98477
1984-11-08,23.750011,24.12504,23.750011,24.000031,935500,0.98477
1984-11-07,24.37506,24.624945,23.625,23.750011,229500,0.974511
1984-11-06,23.87502,24.624945,23.750011,24.499936,1296000,1.005282
1984-11-05,23.750011,23.87502,23.750011,23.87502,475200,0.97964
1984-11-02,23.37498,23.625,22.999949,23.625,710100,0.969382
1984-11-01,23.12496,23.625,23.12496,23.37498,241600,0.959123
1984-10-31,23.499989,23.625,22.999949,23.249969,174100,0.953993
1984-10-30,22.999949,23.87502,22.750064,23.87502,506200,0.97964
1984-10-29,23.750011,23.750011,22.999949,23.12496,328000,0.948864
1984-10-26,24.000031,24.12504,23.625,23.750011,256500,0.974511
1984-10-25,24.250051,24.499936,24.12504,24.37506,182200,1.000158
1984-10-24,24.000031,24.12504,23.750011,24.12504,741100,0.989899
1984-10-23,23.625,24.624945,23.625,23.750011,683100,0.974511
1984-10-22,24.874965,24.999975,23.625,23.625,510300,0.969382
1984-10-19,25.249995,25.375005,24.499936,24.749955,1487700,1.015541
1984-10-18,24.37506,24.999975,24.250051,24.999975,263200,1.0258
1984-10-17,24.624945,24.749955,24.12504,24.37506,139000,1.000158
1984-10-16,24.999975,25.750035,24.499936,24.499936,259200,1.005282
1984-10-15,24.37506,25.249995,24.250051,25.249995,83700,1.036058
1984-10-12,24.37506,24.874965,24.37506,24.499936,102600,1.005282
1984-10-11,24.624945,24.749955,24.37506,24.37506,144400,1.000158
1984-10-10,25.124985,25.124985,24.874965,24.874965,90400,1.02067
1984-10-09,25.500015,25.500015,25.124985,25.124985,76900,1.030929
1984-10-08,25.625025,25.750035,25.375005,25.500015,206500,1.046317
1984-10-05,25.375005,25.875045,25.375005,25.750035,85000,1.056576
1984-10-04,25.750035,25.750035,25.249995,25.625025,191700,1.051447
1984-10-03,26.49996,26.624969,26.000055,26.000055,176800,1.066835
1984-10-02,26.624969,26.874989,26.624969,26.624969,214600,1.092476
1984-10-01,27.00,27.00,26.49996,26.624969,238900,1.092476
1984-09-28,26.874989,27.00,26.74998,26.74998,102600,1.097606
1984-09-27,27.250022,27.250022,27.00,27.00,90400,1.107865
1984-09-26,27.250022,27.375031,26.874989,26.874989,102600,1.102735
1984-09-25,27.125009,27.250022,26.874989,27.250022,39100,1.118124
1984-09-24,27.00,27.250022,26.874989,26.874989,122800,1.102735
1984-09-21,26.624969,27.50004,26.624969,27.00,305100,1.107865
1984-09-20,26.624969,26.874989,26.624969,26.74998,125500,1.097606
1984-09-19,26.874989,27.00,26.49996,26.624969,228100,1.092476
1984-09-18,26.49996,26.874989,26.49996,26.624969,330700,1.092476
1984-09-17,26.374949,26.624969,26.374949,26.49996,54000,1.087347
1984-09-14,26.374949,27.00,26.374949,26.49996,329400,1.087347
1984-09-13,26.125064,26.374949,26.125064,26.374949,89100,1.082218
1984-09-12,26.624969,26.624969,25.875045,25.875045,263200,1.061705
1984-09-11,26.000055,26.74998,26.000055,26.624969,83700,1.092476
1984-09-10,26.125064,26.24994,25.875045,26.125064,199800,1.071964
1984-09-07,26.125064,26.49996,26.125064,26.49996,143100,1.079143
1984-09-06,26.125064,26.374949,26.000055,26.125064,164700,1.063877
1984-09-05,26.125064,26.125064,25.625025,26.000055,537300,1.058786
1984-09-04,26.24994,26.374949,26.000055,26.125064,64800,1.063877
1984-08-31,26.624969,26.624969,26.24994,26.49996,49900,1.079143
1984-08-30,27.00,27.00,26.49996,26.49996,129600,1.079143
1984-08-29,26.74998,27.625049,26.74998,26.874989,499500,1.094415
1984-08-28,26.624969,26.74998,26.49996,26.49996,110700,1.079143
1984-08-27,26.74998,26.74998,26.125064,26.374949,386100,1.074052
1984-08-24,26.374949,27.00,26.24994,26.74998,203800,1.089325
1984-08-23,26.000055,26.24994,25.750035,26.125064,70200,1.063877
1984-08-22,25.750035,26.24994,25.750035,25.750035,535900,1.048604
1984-08-21,26.374949,26.374949,25.500015,25.500015,398200,1.038423
1984-08-20,26.000055,26.24994,26.000055,26.24994,67500,1.068962
1984-08-17,26.125064,26.24994,25.875045,26.24994,86400,1.068962
1984-08-16,26.000055,26.374949,26.000055,26.374949,66100,1.074052
1984-08-15,26.49996,27.125009,26.000055,26.24994,218700,1.068962
1984-08-14,27.50004,27.50004,26.24994,26.24994,224100,1.068962
1984-08-13,27.874936,27.874936,27.125009,27.250022,184900,1.109688
1984-08-10,28.499985,28.499985,27.750062,27.750062,662800,1.13005
1984-08-09,27.750062,28.374975,27.50004,28.374975,402300,1.155498
1984-08-08,27.999945,28.750006,27.750062,27.750062,1217700,1.13005
1984-08-07,26.374949,27.874936,26.125064,27.625049,523800,1.12496
1984-08-06,27.00,27.375031,25.625025,26.374949,909900,1.074052
1984-08-03,25.375005,26.49996,25.375005,26.374949,783000,1.074052
1984-08-02,25.625025,25.625025,25.124985,25.249995,2164000,1.028242
1984-08-01,24.000031,25.875045,24.000031,25.500015,697900,1.038423
1984-07-31,23.499989,24.000031,23.37498,24.000031,82300,0.97734
1984-07-30,23.87502,23.87502,23.499989,23.499989,135000,0.956977
1984-07-27,23.625,23.750011,23.37498,23.625,144400,0.962068
1984-07-26,23.625,23.625,23.499989,23.625,66100,0.962068
1984-07-25,22.999949,23.37498,22.87494,23.37498,116100,0.951886
1984-07-24,23.499989,23.625,23.249969,23.37498,55300,0.951886
1984-07-23,23.87502,24.000031,23.37498,23.37498,113400,0.951886
1984-07-20,24.12504,24.37506,24.000031,24.000031,52600,0.97734
1984-07-19,24.250051,24.37506,24.000031,24.250051,70200,0.987521
